4.859006023814171904e-01	-inf	0.000000000000000000e+00	-inf
7.037059434841785865e-01	-inf	0.000000000000000000e+00	-inf
8.901047732633338150e-01	0.000000000000000000e+00	-inf	-inf
9.760978177901002972e-01	0.000000000000000000e+00	-inf	-inf
9.910725953643173547e-01	0.000000000000000000e+00	-inf	-inf
1.193162971117323057e+00	0.000000000000000000e+00	-inf	-inf
1.412170620318664582e+00	0.000000000000000000e+00	-inf	-inf
1.474243864874258403e+00	0.000000000000000000e+00	-inf	-inf
1.660785153927291091e+00	-inf	0.000000000000000000e+00	-inf
2.177374572847978751e+00	0.000000000000000000e+00	-inf	-inf
2.280412003746268290e+00	0.000000000000000000e+00	-inf	-inf
2.658222330696247138e+00	-inf	0.000000000000000000e+00	-inf
3.419888205047294516e+00	-inf	0.000000000000000000e+00	-inf
3.426392154557089675e+00	-inf	0.000000000000000000e+00	-inf
4.122421908163731885e+00	0.000000000000000000e+00	-inf	-inf
4.128358076014004396e+00	-inf	0.000000000000000000e+00	-inf
4.453352221292227853e+00	0.000000000000000000e+00	-inf	-inf
5.130085928523064887e+00	-inf	0.000000000000000000e+00	-inf
5.205473268425442335e+00	-inf	0.000000000000000000e+00	-inf
5.423322290945453261e+00	-inf	0.000000000000000000e+00	-inf
5.429761630771878345e+00	0.000000000000000000e+00	-inf	-inf
5.582318224713745280e+00	0.000000000000000000e+00	-inf	-inf
5.667198404540584988e+00	-inf	0.000000000000000000e+00	-inf
5.698341482556823934e+00	0.000000000000000000e+00	-inf	-inf
5.725245457604676957e+00	0.000000000000000000e+00	-inf	-inf
6.144983512177049079e+00	0.000000000000000000e+00	-inf	-inf
6.247007396450110051e+00	-inf	0.000000000000000000e+00	-inf
6.559384815705271876e+00	-inf	0.000000000000000000e+00	-inf
6.698011550720595508e+00	-inf	0.000000000000000000e+00	-inf
6.726780134427556845e+00	-inf	0.000000000000000000e+00	-inf
6.798772579400425009e+00	-inf	0.000000000000000000e+00	-inf
6.960871722249251548e+00	-inf	-inf	0.000000000000000000e+00
6.974162954247886681e+00	0.000000000000000000e+00	-inf	-inf
7.086070275496680893e+00	0.000000000000000000e+00	-inf	-inf
7.311936709803457113e+00	0.000000000000000000e+00	-inf	-inf
7.395552490802225876e+00	0.000000000000000000e+00	-inf	-inf
8.713503364819551678e+00	0.000000000000000000e+00	-inf	-inf
8.847280775401767272e+00	0.000000000000000000e+00	-inf	-inf
9.139973617002105755e+00	0.000000000000000000e+00	-inf	-inf
9.305531930147603603e+00	0.000000000000000000e+00	-inf	-inf
9.328667715203419419e+00	0.000000000000000000e+00	-inf	-inf
9.504789859676876063e+00	-inf	0.000000000000000000e+00	-inf
1.005517901422430249e+01	0.000000000000000000e+00	-inf	-inf
1.109603645184922271e+01	0.000000000000000000e+00	-inf	-inf
1.161455077563145011e+01	0.000000000000000000e+00	-inf	-inf
1.170611218658916819e+01	-inf	-inf	0.000000000000000000e+00
1.184976952639665804e+01	0.000000000000000000e+00	-inf	-inf
1.269422434850233650e+01	-inf	0.000000000000000000e+00	-inf
1.282782483215927272e+01	0.000000000000000000e+00	-inf	-inf
1.283704691849325563e+01	0.000000000000000000e+00	-inf	-inf
1.324403549952398684e+01	0.000000000000000000e+00	-inf	-inf
1.382897691584121702e+01	-inf	0.000000000000000000e+00	-inf
1.416599620272211979e+01	0.000000000000000000e+00	-inf	-inf
1.482087453509154429e+01	0.000000000000000000e+00	-inf	-inf
1.504517248866875612e+01	0.000000000000000000e+00	-inf	-inf
1.687027738218905881e+01	0.000000000000000000e+00	-inf	-inf
1.696194163004340894e+01	-inf	0.000000000000000000e+00	-inf
1.747420240359151933e+01	0.000000000000000000e+00	-inf	-inf
1.822485836467545539e+01	0.000000000000000000e+00	-inf	-inf
1.826529277605085611e+01	0.000000000000000000e+00	-inf	-inf
1.877581762833150236e+01	0.000000000000000000e+00	-inf	-inf
1.952830722760688786e+01	-inf	0.000000000000000000e+00	-inf
1.965457606847321870e+01	0.000000000000000000e+00	-inf	-inf
1.969255709281402389e+01	0.000000000000000000e+00	-inf	-inf
1.982558719345577458e+01	0.000000000000000000e+00	-inf	-inf
1.985469090179957519e+01	0.000000000000000000e+00	-inf	-inf
2.022737686574952320e+01	0.000000000000000000e+00	-inf	-inf
2.055568894962141968e+01	-inf	0.000000000000000000e+00	-inf
2.064145555741745497e+01	0.000000000000000000e+00	-inf	-inf
2.085995887843068530e+01	-inf	-inf	0.000000000000000000e+00
2.093689428028941890e+01	0.000000000000000000e+00	-inf	-inf
2.133859525934671453e+01	0.000000000000000000e+00	-inf	-inf
2.239327630413778891e+01	0.000000000000000000e+00	-inf	-inf
2.254886341634525593e+01	-inf	0.000000000000000000e+00	-inf
2.260515706283281645e+01	0.000000000000000000e+00	-inf	-inf
2.297728158822831546e+01	0.000000000000000000e+00	-inf	-inf
2.297982272065113207e+01	0.000000000000000000e+00	-inf	-inf
2.299096079309801510e+01	0.000000000000000000e+00	-inf	-inf
2.302055376803352615e+01	-inf	0.000000000000000000e+00	-inf
2.304203748802309093e+01	0.000000000000000000e+00	-inf	-inf
2.310946541943004107e+01	-inf	0.000000000000000000e+00	-inf
2.329705439545794832e+01	-inf	0.000000000000000000e+00	-inf
2.337091587767582368e+01	0.000000000000000000e+00	-inf	-inf
2.344411306249091353e+01	0.000000000000000000e+00	-inf	-inf
2.345244532419065209e+01	0.000000000000000000e+00	-inf	-inf
2.407859263609486433e+01	0.000000000000000000e+00	-inf	-inf
2.452724437213170816e+01	0.000000000000000000e+00	-inf	-inf
2.480986295351117477e+01	0.000000000000000000e+00	-inf	-inf
2.621669993590132108e+01	0.000000000000000000e+00	-inf	-inf
2.653542549132847839e+01	0.000000000000000000e+00	-inf	-inf
2.663558062547299699e+01	0.000000000000000000e+00	-inf	-inf
2.704526882857059178e+01	-inf	0.000000000000000000e+00	-inf
2.704599359301484895e+01	-inf	0.000000000000000000e+00	-inf
2.705993953321190659e+01	0.000000000000000000e+00	-inf	-inf
2.736709073827832128e+01	0.000000000000000000e+00	-inf	-inf
2.801783941538928957e+01	0.000000000000000000e+00	-inf	-inf
2.802462800334273396e+01	0.000000000000000000e+00	-inf	-inf
2.825317407995059327e+01	-inf	0.000000000000000000e+00	-inf
2.866104771087956138e+01	0.000000000000000000e+00	-inf	-inf
2.912938807079105175e+01	-inf	0.000000000000000000e+00	-inf
2.920721604117008141e+01	0.000000000000000000e+00	-inf	-inf
2.925052857890641889e+01	0.000000000000000000e+00	-inf	-inf
2.937686843708451434e+01	0.000000000000000000e+00	-inf	-inf
2.953586307882132189e+01	0.000000000000000000e+00	-inf	-inf
2.961684888894161460e+01	0.000000000000000000e+00	-inf	-inf
2.982144750958024559e+01	-inf	0.000000000000000000e+00	-inf
3.038825245637304562e+01	0.000000000000000000e+00	-inf	-inf
3.042619781322175498e+01	0.000000000000000000e+00	-inf	-inf
3.086118420889847158e+01	0.000000000000000000e+00	-inf	-inf
3.121875457440583901e+01	0.000000000000000000e+00	-inf	-inf
3.146833742184245253e+01	0.000000000000000000e+00	-inf	-inf
3.153575443447694937e+01	0.000000000000000000e+00	-inf	-inf
3.155272393126540464e+01	0.000000000000000000e+00	-inf	-inf
3.222499068648765075e+01	-inf	0.000000000000000000e+00	-inf
3.274331383069634427e+01	0.000000000000000000e+00	-inf	-inf
3.294694343730675001e+01	0.000000000000000000e+00	-inf	-inf
3.324024913716486651e+01	-inf	0.000000000000000000e+00	-inf
3.335860675973327005e+01	0.000000000000000000e+00	-inf	-inf
3.366277849697419100e+01	0.000000000000000000e+00	-inf	-inf
3.381602127750347364e+01	0.000000000000000000e+00	-inf	-inf
3.440026193056831261e+01	-inf	0.000000000000000000e+00	-inf
3.490552191869611676e+01	0.000000000000000000e+00	-inf	-inf
3.513399749357311919e+01	0.000000000000000000e+00	-inf	-inf
3.573086592080895230e+01	0.000000000000000000e+00	-inf	-inf
3.595842951055890779e+01	0.000000000000000000e+00	-inf	-inf
3.600221438896456050e+01	-inf	0.000000000000000000e+00	-inf
3.616335097447168323e+01	0.000000000000000000e+00	-inf	-inf
3.657692292694311220e+01	0.000000000000000000e+00	-inf	-inf
3.684388028502836221e+01	-inf	0.000000000000000000e+00	-inf
3.722826855108978350e+01	0.000000000000000000e+00	-inf	-inf
3.753724895784095139e+01	0.000000000000000000e+00	-inf	-inf
3.811277921920543577e+01	-inf	0.000000000000000000e+00	-inf
3.834737894497155253e+01	0.000000000000000000e+00	-inf	-inf
3.916463856097920626e+01	0.000000000000000000e+00	-inf	-inf
3.918429274069156065e+01	0.000000000000000000e+00	-inf	-inf
4.154610933819006391e+01	0.000000000000000000e+00	-inf	-inf
4.195116632924129618e+01	0.000000000000000000e+00	-inf	-inf
4.220850187129725839e+01	0.000000000000000000e+00	-inf	-inf
4.221369941161768935e+01	-inf	0.000000000000000000e+00	-inf
4.243157817146286703e+01	0.000000000000000000e+00	-inf	-inf
4.344466768000578583e+01	0.000000000000000000e+00	-inf	-inf
4.371733783652065597e+01	0.000000000000000000e+00	-inf	-inf
4.403178466372265376e+01	0.000000000000000000e+00	-inf	-inf
4.417087939248263240e+01	0.000000000000000000e+00	-inf	-inf
4.443314269156098817e+01	0.000000000000000000e+00	-inf	-inf
4.454479375231748861e+01	-inf	0.000000000000000000e+00	-inf
4.457120231237328056e+01	0.000000000000000000e+00	-inf	-inf
4.480606729560258827e+01	0.000000000000000000e+00	-inf	-inf
4.558439270137548505e+01	0.000000000000000000e+00	-inf	-inf
4.570339819549919014e+01	0.000000000000000000e+00	-inf	-inf
4.575303532012323871e+01	0.000000000000000000e+00	-inf	-inf
4.581242269033093351e+01	0.000000000000000000e+00	-inf	-inf
4.586536911723725041e+01	-inf	0.000000000000000000e+00	-inf
4.609150479984601390e+01	-inf	0.000000000000000000e+00	-inf
4.694615857308506435e+01	0.000000000000000000e+00	-inf	-inf
4.758270480615337306e+01	0.000000000000000000e+00	-inf	-inf
4.769862626025668106e+01	0.000000000000000000e+00	-inf	-inf
4.777005873160491234e+01	0.000000000000000000e+00	-inf	-inf
4.846343427487843769e+01	0.000000000000000000e+00	-inf	-inf
4.849956401761159697e+01	0.000000000000000000e+00	-inf	-inf
4.868863761630260711e+01	0.000000000000000000e+00	-inf	-inf
4.945109404687963917e+01	0.000000000000000000e+00	-inf	-inf
4.947490018446664095e+01	0.000000000000000000e+00	-inf	-inf
4.955321250867571337e+01	0.000000000000000000e+00	-inf	-inf
4.956456969243755140e+01	0.000000000000000000e+00	-inf	-inf
4.996750986099050351e+01	0.000000000000000000e+00	-inf	-inf
5.015597923102536981e+01	-inf	0.000000000000000000e+00	-inf
5.056744285452792553e+01	0.000000000000000000e+00	-inf	-inf
5.073061784203224533e+01	0.000000000000000000e+00	-inf	-inf
5.098507775826413990e+01	0.000000000000000000e+00	-inf	-inf
5.099015471636106867e+01	0.000000000000000000e+00	-inf	-inf
5.119448023605214360e+01	0.000000000000000000e+00	-inf	-inf
5.121651657615867492e+01	0.000000000000000000e+00	-inf	-inf
5.149081443124813262e+01	0.000000000000000000e+00	-inf	-inf
5.160254895335699388e+01	0.000000000000000000e+00	-inf	-inf
5.197737245576804810e+01	0.000000000000000000e+00	-inf	-inf
5.228450338161705702e+01	0.000000000000000000e+00	-inf	-inf
5.239657480020226643e+01	0.000000000000000000e+00	-inf	-inf
5.294220838797388495e+01	0.000000000000000000e+00	-inf	-inf
5.309559751206030853e+01	0.000000000000000000e+00	-inf	-inf
5.319956761407250667e+01	0.000000000000000000e+00	-inf	-inf
5.338131729777784074e+01	0.000000000000000000e+00	-inf	-inf
5.350980465846988210e+01	0.000000000000000000e+00	-inf	-inf
5.358259550222373946e+01	-inf	0.000000000000000000e+00	-inf
5.358448363045373952e+01	0.000000000000000000e+00	-inf	-inf
5.501692175869917634e+01	0.000000000000000000e+00	-inf	-inf
5.533072227581941860e+01	0.000000000000000000e+00	-inf	-inf
5.534563218766851378e+01	0.000000000000000000e+00	-inf	-inf
5.534686848900528844e+01	0.000000000000000000e+00	-inf	-inf
5.595524351600759161e+01	0.000000000000000000e+00	-inf	-inf
5.700311906946032536e+01	0.000000000000000000e+00	-inf	-inf
5.723058159453962190e+01	0.000000000000000000e+00	-inf	-inf
5.747596522471012292e+01	0.000000000000000000e+00	-inf	-inf
5.750496044974019583e+01	0.000000000000000000e+00	-inf	-inf
5.754586535640532219e+01	0.000000000000000000e+00	-inf	-inf
5.907555810759556181e+01	0.000000000000000000e+00	-inf	-inf
5.922732492618081324e+01	0.000000000000000000e+00	-inf	-inf
5.932054453432912311e+01	0.000000000000000000e+00	-inf	-inf
5.945301258317200421e+01	0.000000000000000000e+00	-inf	-inf
5.964229196689903034e+01	0.000000000000000000e+00	-inf	-inf
5.967106635801038550e+01	0.000000000000000000e+00	-inf	-inf
5.981234087224381568e+01	0.000000000000000000e+00	-inf	-inf
6.044194654779189335e+01	0.000000000000000000e+00	-inf	-inf
6.066627993670393693e+01	0.000000000000000000e+00	-inf	-inf
6.094105846497451751e+01	0.000000000000000000e+00	-inf	-inf
6.100277438183584167e+01	0.000000000000000000e+00	-inf	-inf
6.128946158336243855e+01	0.000000000000000000e+00	-inf	-inf
6.143547430891916861e+01	0.000000000000000000e+00	-inf	-inf
6.155590522955729682e+01	0.000000000000000000e+00	-inf	-inf
6.156518299437496466e+01	0.000000000000000000e+00	-inf	-inf
6.161823228538042230e+01	-inf	0.000000000000000000e+00	-inf
6.171592825506307634e+01	0.000000000000000000e+00	-inf	-inf
6.195802992986910596e+01	0.000000000000000000e+00	-inf	-inf
6.206860967610467839e+01	0.000000000000000000e+00	-inf	-inf
6.207054592275309801e+01	0.000000000000000000e+00	-inf	-inf
6.238137070055655187e+01	0.000000000000000000e+00	-inf	-inf
6.246369054140592425e+01	-inf	0.000000000000000000e+00	-inf
6.288447984908602706e+01	-inf	0.000000000000000000e+00	-inf
6.297441912323287028e+01	0.000000000000000000e+00	-inf	-inf
6.342280857092763569e+01	0.000000000000000000e+00	-inf	-inf
6.345206505718805801e+01	0.000000000000000000e+00	-inf	-inf
6.347798024493091162e+01	0.000000000000000000e+00	-inf	-inf
6.359547775611239473e+01	0.000000000000000000e+00	-inf	-inf
6.405194437297606669e+01	0.000000000000000000e+00	-inf	-inf
6.455543182598358953e+01	0.000000000000000000e+00	-inf	-inf
6.462280452988633783e+01	0.000000000000000000e+00	-inf	-inf
6.469963116269896375e+01	0.000000000000000000e+00	-inf	-inf
6.499401273735836071e+01	-inf	0.000000000000000000e+00	-inf
6.504369016558780459e+01	-inf	0.000000000000000000e+00	-inf
6.506732596138725455e+01	-inf	0.000000000000000000e+00	-inf
6.518575002981464195e+01	0.000000000000000000e+00	-inf	-inf
6.549119690278556050e+01	0.000000000000000000e+00	-inf	-inf
6.567992264998849805e+01	0.000000000000000000e+00	-inf	-inf
6.726887779626687802e+01	0.000000000000000000e+00	-inf	-inf
6.735720972561900055e+01	-inf	0.000000000000000000e+00	-inf
6.736339555753441743e+01	0.000000000000000000e+00	-inf	-inf
6.762506768443196847e+01	0.000000000000000000e+00	-inf	-inf
6.817335789236618382e+01	0.000000000000000000e+00	-inf	-inf
6.856430610553582028e+01	0.000000000000000000e+00	-inf	-inf
6.880422655928097697e+01	0.000000000000000000e+00	-inf	-inf
6.889375866646450675e+01	0.000000000000000000e+00	-inf	-inf
6.956540639604665444e+01	0.000000000000000000e+00	-inf	-inf
6.961483840435752768e+01	-inf	0.000000000000000000e+00	-inf
6.981479760362158515e+01	0.000000000000000000e+00	-inf	-inf
6.985462133652998773e+01	-inf	0.000000000000000000e+00	-inf
6.992635711768305384e+01	0.000000000000000000e+00	-inf	-inf
7.064290357112638219e+01	0.000000000000000000e+00	-inf	-inf
7.067419366114792467e+01	-inf	0.000000000000000000e+00	-inf
7.095710676699749797e+01	0.000000000000000000e+00	-inf	-inf
7.140159423193139787e+01	-inf	0.000000000000000000e+00	-inf
7.154672643536824239e+01	0.000000000000000000e+00	-inf	-inf
7.156254668715061484e+01	0.000000000000000000e+00	-inf	-inf
7.172525500379244079e+01	0.000000000000000000e+00	-inf	-inf
7.220799466434917235e+01	0.000000000000000000e+00	-inf	-inf
7.314793891874680298e+01	0.000000000000000000e+00	-inf	-inf
7.328381635542604045e+01	0.000000000000000000e+00	-inf	-inf
7.333582621883816444e+01	0.000000000000000000e+00	-inf	-inf
7.384110686053685413e+01	0.000000000000000000e+00	-inf	-inf
7.419341412874224773e+01	0.000000000000000000e+00	-inf	-inf
7.427052371104866779e+01	0.000000000000000000e+00	-inf	-inf
7.440323681081054019e+01	0.000000000000000000e+00	-inf	-inf
7.468685691713875485e+01	0.000000000000000000e+00	-inf	-inf
7.498985526048549843e+01	0.000000000000000000e+00	-inf	-inf
7.640060457027598773e+01	0.000000000000000000e+00	-inf	-inf
7.646026798421742399e+01	0.000000000000000000e+00	-inf	-inf
7.684678849167812587e+01	0.000000000000000000e+00	-inf	-inf
7.691346962660514919e+01	0.000000000000000000e+00	-inf	-inf
7.721388693110749557e+01	-inf	0.000000000000000000e+00	-inf
7.727437005492117805e+01	0.000000000000000000e+00	-inf	-inf
7.767284482443955085e+01	0.000000000000000000e+00	-inf	-inf
7.813019484396794212e+01	0.000000000000000000e+00	-inf	-inf
7.823620491350187933e+01	0.000000000000000000e+00	-inf	-inf
7.831111385513599998e+01	-inf	0.000000000000000000e+00	-inf
7.856992620858822818e+01	0.000000000000000000e+00	-inf	-inf
7.890512901596144957e+01	0.000000000000000000e+00	-inf	-inf
7.895681026744748010e+01	0.000000000000000000e+00	-inf	-inf
7.964571223736584216e+01	0.000000000000000000e+00	-inf	-inf
7.967695891763419525e+01	-inf	0.000000000000000000e+00	-inf
7.977296524213160467e+01	-inf	0.000000000000000000e+00	-inf
8.007142421002099297e+01	-inf	0.000000000000000000e+00	-inf
8.025867314523658536e+01	0.000000000000000000e+00	-inf	-inf
8.056974214621152441e+01	0.000000000000000000e+00	-inf	-inf
8.081209951877379183e+01	0.000000000000000000e+00	-inf	-inf
8.144187739149634808e+01	0.000000000000000000e+00	-inf	-inf
8.224598530595619650e+01	0.000000000000000000e+00	-inf	-inf
8.324592843905023187e+01	0.000000000000000000e+00	-inf	-inf
8.327702557750654933e+01	0.000000000000000000e+00	-inf	-inf
8.344851450691332673e+01	0.000000000000000000e+00	-inf	-inf
8.419735603933385448e+01	0.000000000000000000e+00	-inf	-inf
8.432969664356649275e+01	0.000000000000000000e+00	-inf	-inf
8.469948214014280552e+01	0.000000000000000000e+00	-inf	-inf
8.534100679496309283e+01	0.000000000000000000e+00	-inf	-inf
8.559988983225473191e+01	0.000000000000000000e+00	-inf	-inf
8.580236119748853696e+01	0.000000000000000000e+00	-inf	-inf
8.630964169774048855e+01	-inf	0.000000000000000000e+00	-inf
8.659688677087622466e+01	0.000000000000000000e+00	-inf	-inf
8.754478680663545731e+01	0.000000000000000000e+00	-inf	-inf
8.758192570991637638e+01	0.000000000000000000e+00	-inf	-inf
8.799972385168895528e+01	0.000000000000000000e+00	-inf	-inf
8.814538976667039094e+01	-inf	-inf	0.000000000000000000e+00
8.863047873433703217e+01	0.000000000000000000e+00	-inf	-inf
8.902967432587601593e+01	0.000000000000000000e+00	-inf	-inf
9.006412113574663181e+01	0.000000000000000000e+00	-inf	-inf
9.010851448645075834e+01	0.000000000000000000e+00	-inf	-inf
9.040856376444128273e+01	0.000000000000000000e+00	-inf	-inf
9.044203502520591087e+01	0.000000000000000000e+00	-inf	-inf
9.045583074729096040e+01	0.000000000000000000e+00	-inf	-inf
9.053588322415716050e+01	0.000000000000000000e+00	-inf	-inf
9.125469132510173154e+01	0.000000000000000000e+00	-inf	-inf
9.135203803152776914e+01	0.000000000000000000e+00	-inf	-inf
9.146126642327556056e+01	0.000000000000000000e+00	-inf	-inf
9.211347239180946644e+01	0.000000000000000000e+00	-inf	-inf
9.261679081005064518e+01	0.000000000000000000e+00	-inf	-inf
9.333292137716546222e+01	0.000000000000000000e+00	-inf	-inf
9.336829486008120682e+01	0.000000000000000000e+00	-inf	-inf
9.353154832523338769e+01	-inf	0.000000000000000000e+00	-inf
9.382869016550019126e+01	0.000000000000000000e+00	-inf	-inf
9.406297158458832541e+01	0.000000000000000000e+00	-inf	-inf
9.409774997623866000e+01	0.000000000000000000e+00	-inf	-inf
9.470266371247019777e+01	0.000000000000000000e+00	-inf	-inf
9.501992470877360120e+01	0.000000000000000000e+00	-inf	-inf
9.514754288751294098e+01	0.000000000000000000e+00	-inf	-inf
9.522832721959191815e+01	0.000000000000000000e+00	-inf	-inf
9.524738058281188557e+01	0.000000000000000000e+00	-inf	-inf
9.554330397931536822e+01	0.000000000000000000e+00	-inf	-inf
9.606442785282091279e+01	0.000000000000000000e+00	-inf	-inf
9.637870160917738360e+01	0.000000000000000000e+00	-inf	-inf
9.697088701434145719e+01	0.000000000000000000e+00	-inf	-inf
9.735271753503590730e+01	0.000000000000000000e+00	-inf	-inf
9.739112738322580753e+01	0.000000000000000000e+00	-inf	-inf
9.741258892888700416e+01	0.000000000000000000e+00	-inf	-inf
9.780952254453332273e+01	0.000000000000000000e+00	-inf	-inf
9.794309583112735140e+01	0.000000000000000000e+00	-inf	-inf
9.895645967945763744e+01	0.000000000000000000e+00	-inf	-inf
9.904955834075330756e+01	0.000000000000000000e+00	-inf	-inf
9.936239903327278000e+01	0.000000000000000000e+00	-inf	-inf
9.949255448811619829e+01	0.000000000000000000e+00	-inf	-inf
1.000571635654175964e+02	0.000000000000000000e+00	-inf	-inf
1.002497860767852700e+02	0.000000000000000000e+00	-inf	-inf
1.007216689520369073e+02	0.000000000000000000e+00	-inf	-inf
1.015783688490096637e+02	0.000000000000000000e+00	-inf	-inf
1.020343658146395285e+02	0.000000000000000000e+00	-inf	-inf
1.027121967405340541e+02	0.000000000000000000e+00	-inf	-inf
1.027465237954294395e+02	0.000000000000000000e+00	-inf	-inf
1.029460522014695698e+02	0.000000000000000000e+00	-inf	-inf
1.029963101079579388e+02	0.000000000000000000e+00	-inf	-inf
1.033932165930869900e+02	0.000000000000000000e+00	-inf	-inf
1.035472017225820736e+02	-inf	0.000000000000000000e+00	-inf
1.037547760573370823e+02	0.000000000000000000e+00	-inf	-inf
1.047346090005434434e+02	0.000000000000000000e+00	-inf	-inf
1.050414842678068794e+02	0.000000000000000000e+00	-inf	-inf
1.057398655464925241e+02	0.000000000000000000e+00	-inf	-inf
1.059632884084662550e+02	0.000000000000000000e+00	-inf	-inf
1.060733615168794586e+02	0.000000000000000000e+00	-inf	-inf
1.064787674737930274e+02	0.000000000000000000e+00	-inf	-inf
1.068351480096273178e+02	0.000000000000000000e+00	-inf	-inf
1.071932640552971350e+02	0.000000000000000000e+00	-inf	-inf
1.074430648379668014e+02	-inf	0.000000000000000000e+00	-inf
1.080723349527661981e+02	0.000000000000000000e+00	-inf	-inf
1.082753868561182031e+02	0.000000000000000000e+00	-inf	-inf
1.083384104092485671e+02	0.000000000000000000e+00	-inf	-inf
1.085322648468771831e+02	0.000000000000000000e+00	-inf	-inf
1.088086396366990272e+02	-inf	-inf	0.000000000000000000e+00
1.093208779159544548e+02	0.000000000000000000e+00	-inf	-inf
1.093736199135903888e+02	0.000000000000000000e+00	-inf	-inf
1.094031256884440211e+02	-inf	0.000000000000000000e+00	-inf
1.095536069710648519e+02	0.000000000000000000e+00	-inf	-inf
1.100605717114184046e+02	0.000000000000000000e+00	-inf	-inf
1.104552370586619645e+02	-inf	0.000000000000000000e+00	-inf
1.108418972146063624e+02	0.000000000000000000e+00	-inf	-inf
1.117856789690842021e+02	0.000000000000000000e+00	-inf	-inf
1.121367378530586052e+02	0.000000000000000000e+00	-inf	-inf
1.125618286025184318e+02	-inf	0.000000000000000000e+00	-inf
1.126620155227600009e+02	0.000000000000000000e+00	-inf	-inf
1.131478122315783423e+02	0.000000000000000000e+00	-inf	-inf
1.135410773736876422e+02	0.000000000000000000e+00	-inf	-inf
1.136436992599994369e+02	0.000000000000000000e+00	-inf	-inf
1.139950213603719789e+02	0.000000000000000000e+00	-inf	-inf
1.143144586067488433e+02	0.000000000000000000e+00	-inf	-inf
1.145416299347258615e+02	0.000000000000000000e+00	-inf	-inf
1.147363086161855392e+02	-inf	0.000000000000000000e+00	-inf
1.147649345832998335e+02	0.000000000000000000e+00	-inf	-inf
1.148713605724609721e+02	0.000000000000000000e+00	-inf	-inf
1.150306353610692724e+02	0.000000000000000000e+00	-inf	-inf
1.152187021430558787e+02	0.000000000000000000e+00	-inf	-inf
1.158630385318133165e+02	0.000000000000000000e+00	-inf	-inf
1.170299666589748995e+02	0.000000000000000000e+00	-inf	-inf
1.171785781120813397e+02	0.000000000000000000e+00	-inf	-inf
1.171922895073863913e+02	0.000000000000000000e+00	-inf	-inf
1.173992702519585265e+02	0.000000000000000000e+00	-inf	-inf
1.179115886671182665e+02	0.000000000000000000e+00	-inf	-inf
1.182003570561788024e+02	0.000000000000000000e+00	-inf	-inf
1.183090792395562403e+02	0.000000000000000000e+00	-inf	-inf
1.184201238805065657e+02	0.000000000000000000e+00	-inf	-inf
1.186848229882766788e+02	-inf	0.000000000000000000e+00	-inf
1.188310393405208174e+02	0.000000000000000000e+00	-inf	-inf
1.188345932285091493e+02	0.000000000000000000e+00	-inf	-inf
1.188673509304719289e+02	0.000000000000000000e+00	-inf	-inf
1.189845619919011313e+02	0.000000000000000000e+00	-inf	-inf
1.195092727095755123e+02	0.000000000000000000e+00	-inf	-inf
1.197446761966595972e+02	0.000000000000000000e+00	-inf	-inf
1.199958858159276787e+02	-inf	0.000000000000000000e+00	-inf
1.201774808637402998e+02	0.000000000000000000e+00	-inf	-inf
1.206403620475586962e+02	0.000000000000000000e+00	-inf	-inf
1.207165629214321996e+02	-inf	0.000000000000000000e+00	-inf
1.215996878892957227e+02	0.000000000000000000e+00	-inf	-inf
1.226926880489473035e+02	-inf	0.000000000000000000e+00	-inf
1.227013175998505972e+02	0.000000000000000000e+00	-inf	-inf
1.228952390775613708e+02	-inf	0.000000000000000000e+00	-inf
1.230324385999054755e+02	0.000000000000000000e+00	-inf	-inf
1.230631814307074166e+02	-inf	0.000000000000000000e+00	-inf
1.231320689866080045e+02	0.000000000000000000e+00	-inf	-inf
1.235138242119148231e+02	0.000000000000000000e+00	-inf	-inf
1.242885025809637654e+02	0.000000000000000000e+00	-inf	-inf
1.250000070031690029e+02	0.000000000000000000e+00	-inf	-inf
1.257033163197775423e+02	0.000000000000000000e+00	-inf	-inf
1.263713243716362342e+02	0.000000000000000000e+00	-inf	-inf
1.264426703448058049e+02	0.000000000000000000e+00	-inf	-inf
1.265107487647801037e+02	0.000000000000000000e+00	-inf	-inf
1.266212235830225410e+02	-inf	0.000000000000000000e+00	-inf
1.275473786599147417e+02	-inf	0.000000000000000000e+00	-inf
1.275750388302584497e+02	0.000000000000000000e+00	-inf	-inf
1.289431021836503248e+02	0.000000000000000000e+00	-inf	-inf
1.289448327181534069e+02	0.000000000000000000e+00	-inf	-inf
1.292252821615153096e+02	0.000000000000000000e+00	-inf	-inf
1.293468519271574735e+02	-inf	0.000000000000000000e+00	-inf
1.293654935266906136e+02	0.000000000000000000e+00	-inf	-inf
1.294114992507042814e+02	0.000000000000000000e+00	-inf	-inf
1.294629647335359550e+02	0.000000000000000000e+00	-inf	-inf
1.296886092758039410e+02	0.000000000000000000e+00	-inf	-inf
1.299845729095075626e+02	0.000000000000000000e+00	-inf	-inf
1.300521997331452440e+02	-inf	0.000000000000000000e+00	-inf
1.302316854014425473e+02	-inf	0.000000000000000000e+00	-inf
1.308834937195283317e+02	0.000000000000000000e+00	-inf	-inf
1.314653386119807976e+02	0.000000000000000000e+00	-inf	-inf
1.318475757666675179e+02	-inf	0.000000000000000000e+00	-inf
1.321925611702704657e+02	0.000000000000000000e+00	-inf	-inf
1.324627579068028069e+02	0.000000000000000000e+00	-inf	-inf
1.328370904540910544e+02	0.000000000000000000e+00	-inf	-inf
1.329275055601944473e+02	0.000000000000000000e+00	-inf	-inf
1.330316271227659968e+02	-inf	0.000000000000000000e+00	-inf
1.334215386507631251e+02	0.000000000000000000e+00	-inf	-inf
1.335152860822953471e+02	0.000000000000000000e+00	-inf	-inf
1.335881876996257915e+02	0.000000000000000000e+00	-inf	-inf
1.340466065419311406e+02	-inf	0.000000000000000000e+00	-inf
1.345535669494555577e+02	0.000000000000000000e+00	-inf	-inf
1.351760928612384589e+02	0.000000000000000000e+00	-inf	-inf
1.353509880423072502e+02	0.000000000000000000e+00	-inf	-inf
1.359197596262938532e+02	0.000000000000000000e+00	-inf	-inf
1.359818578523350538e+02	0.000000000000000000e+00	-inf	-inf
1.365205890051279880e+02	0.000000000000000000e+00	-inf	-inf
1.365759443623359743e+02	-inf	0.000000000000000000e+00	-inf
1.372711204193058734e+02	0.000000000000000000e+00	-inf	-inf
1.373649307884513746e+02	-inf	0.000000000000000000e+00	-inf
1.374046663160488038e+02	0.000000000000000000e+00	-inf	-inf
1.374134355200052937e+02	0.000000000000000000e+00	-inf	-inf
1.374822744680730011e+02	-inf	0.000000000000000000e+00	-inf
1.380668346283211179e+02	0.000000000000000000e+00	-inf	-inf
1.382687895443907564e+02	0.000000000000000000e+00	-inf	-inf
1.387883731356727708e+02	0.000000000000000000e+00	-inf	-inf
1.390109491876801542e+02	0.000000000000000000e+00	-inf	-inf
1.390730714471319232e+02	0.000000000000000000e+00	-inf	-inf
1.395493882897719118e+02	0.000000000000000000e+00	-inf	-inf
1.405697859557730567e+02	0.000000000000000000e+00	-inf	-inf
1.406720400267040532e+02	0.000000000000000000e+00	-inf	-inf
1.407154117484559208e+02	0.000000000000000000e+00	-inf	-inf
1.409013997515737628e+02	0.000000000000000000e+00	-inf	-inf
1.413461309656039759e+02	0.000000000000000000e+00	-inf	-inf
1.414487016006698923e+02	0.000000000000000000e+00	-inf	-inf
1.422918020916769990e+02	0.000000000000000000e+00	-inf	-inf
1.425506290747450464e+02	-inf	0.000000000000000000e+00	-inf
1.425530001257616846e+02	0.000000000000000000e+00	-inf	-inf
1.426694366615697049e+02	0.000000000000000000e+00	-inf	-inf
1.427556912577297794e+02	-inf	0.000000000000000000e+00	-inf
1.428292672937724603e+02	-inf	0.000000000000000000e+00	-inf
1.428295529249493825e+02	0.000000000000000000e+00	-inf	-inf
1.436250529762854740e+02	0.000000000000000000e+00	-inf	-inf
1.440108895257324093e+02	0.000000000000000000e+00	-inf	-inf
1.440304743256887150e+02	0.000000000000000000e+00	-inf	-inf
1.440624172605682531e+02	0.000000000000000000e+00	-inf	-inf
1.443064551339140280e+02	-inf	0.000000000000000000e+00	-inf
1.443295559535633288e+02	0.000000000000000000e+00	-inf	-inf
1.443776812267485354e+02	0.000000000000000000e+00	-inf	-inf
1.446976553382826580e+02	0.000000000000000000e+00	-inf	-inf
1.449001879264148158e+02	0.000000000000000000e+00	-inf	-inf
1.454045744001332139e+02	0.000000000000000000e+00	-inf	-inf
1.461076104713320376e+02	0.000000000000000000e+00	-inf	-inf
1.461722746770157642e+02	0.000000000000000000e+00	-inf	-inf
1.464246220370481808e+02	0.000000000000000000e+00	-inf	-inf
1.467470464841567264e+02	0.000000000000000000e+00	-inf	-inf
1.469084558599712409e+02	0.000000000000000000e+00	-inf	-inf
1.475496763126110125e+02	0.000000000000000000e+00	-inf	-inf
1.476194858368599228e+02	0.000000000000000000e+00	-inf	-inf
1.476221476056286974e+02	0.000000000000000000e+00	-inf	-inf
1.478692556576319248e+02	0.000000000000000000e+00	-inf	-inf
1.479724285844961003e+02	0.000000000000000000e+00	-inf	-inf
1.484794537310122280e+02	-inf	0.000000000000000000e+00	-inf
1.491836148592432210e+02	0.000000000000000000e+00	-inf	-inf
1.492179459857103438e+02	0.000000000000000000e+00	-inf	-inf
1.497361739710401878e+02	0.000000000000000000e+00	-inf	-inf
1.498731510340554394e+02	0.000000000000000000e+00	-inf	-inf
1.498737189569001487e+02	0.000000000000000000e+00	-inf	-inf
1.501759257024164924e+02	0.000000000000000000e+00	-inf	-inf
1.511615467535921482e+02	0.000000000000000000e+00	-inf	-inf
1.516929681931658251e+02	0.000000000000000000e+00	-inf	-inf
1.521039346805241905e+02	0.000000000000000000e+00	-inf	-inf
1.522193524224499015e+02	0.000000000000000000e+00	-inf	-inf
1.526817197318823673e+02	0.000000000000000000e+00	-inf	-inf
1.530006336434887260e+02	0.000000000000000000e+00	-inf	-inf
1.531221827310797323e+02	0.000000000000000000e+00	-inf	-inf
1.533219041722735483e+02	0.000000000000000000e+00	-inf	-inf
1.534800688089631819e+02	0.000000000000000000e+00	-inf	-inf
1.534996232555813265e+02	0.000000000000000000e+00	-inf	-inf
1.542679285667710474e+02	0.000000000000000000e+00	-inf	-inf
1.543282288526202422e+02	0.000000000000000000e+00	-inf	-inf
1.544657070556696965e+02	-inf	-inf	0.000000000000000000e+00
1.546287411536140155e+02	-inf	0.000000000000000000e+00	-inf
1.551799798263604657e+02	0.000000000000000000e+00	-inf	-inf
1.552249784526500775e+02	0.000000000000000000e+00	-inf	-inf
1.562932082758932495e+02	-inf	0.000000000000000000e+00	-inf
1.563226222977345401e+02	0.000000000000000000e+00	-inf	-inf
1.565127533965356292e+02	0.000000000000000000e+00	-inf	-inf
1.572621518248311929e+02	-inf	0.000000000000000000e+00	-inf
1.573123390135809245e+02	0.000000000000000000e+00	-inf	-inf
1.592890194431346060e+02	0.000000000000000000e+00	-inf	-inf
1.593062478408888296e+02	0.000000000000000000e+00	-inf	-inf
1.593176690747503699e+02	-inf	0.000000000000000000e+00	-inf
1.595462595083234305e+02	0.000000000000000000e+00	-inf	-inf
1.597313089265832389e+02	0.000000000000000000e+00	-inf	-inf
1.598389950935454920e+02	0.000000000000000000e+00	-inf	-inf
1.608089661961497825e+02	0.000000000000000000e+00	-inf	-inf
1.614219679246961050e+02	0.000000000000000000e+00	-inf	-inf
1.620847064076745880e+02	0.000000000000000000e+00	-inf	-inf
1.622652452926959938e+02	0.000000000000000000e+00	-inf	-inf
1.625522061334606292e+02	0.000000000000000000e+00	-inf	-inf
1.628775365502341970e+02	-inf	0.000000000000000000e+00	-inf
1.629519654507098210e+02	0.000000000000000000e+00	-inf	-inf
1.629694136201954962e+02	0.000000000000000000e+00	-inf	-inf
1.635448520924981892e+02	0.000000000000000000e+00	-inf	-inf
1.639578636571730783e+02	-inf	0.000000000000000000e+00	-inf
1.639885912624875459e+02	0.000000000000000000e+00	-inf	-inf
1.640121281244950353e+02	0.000000000000000000e+00	-inf	-inf
1.641158948966673847e+02	0.000000000000000000e+00	-inf	-inf
1.648544607376358897e+02	0.000000000000000000e+00	-inf	-inf
1.650122833768067210e+02	0.000000000000000000e+00	-inf	-inf
1.651906206839495326e+02	-inf	0.000000000000000000e+00	-inf
1.653184140432707636e+02	0.000000000000000000e+00	-inf	-inf
1.655050891129216097e+02	0.000000000000000000e+00	-inf	-inf
1.656091427416356510e+02	0.000000000000000000e+00	-inf	-inf
1.657944977600719199e+02	0.000000000000000000e+00	-inf	-inf
1.660489247432247453e+02	0.000000000000000000e+00	-inf	-inf
1.661985177237422135e+02	0.000000000000000000e+00	-inf	-inf
1.664854059083679658e+02	0.000000000000000000e+00	-inf	-inf
1.666737646229979077e+02	0.000000000000000000e+00	-inf	-inf
1.669347722626392567e+02	0.000000000000000000e+00	-inf	-inf
1.671127034403568246e+02	0.000000000000000000e+00	-inf	-inf
1.671804242705059949e+02	0.000000000000000000e+00	-inf	-inf
1.676078594429658608e+02	0.000000000000000000e+00	-inf	-inf
1.680950508895965640e+02	0.000000000000000000e+00	-inf	-inf
1.681010301308378416e+02	0.000000000000000000e+00	-inf	-inf
1.690455321890482594e+02	0.000000000000000000e+00	-inf	-inf
1.693582101017112791e+02	0.000000000000000000e+00	-inf	-inf
1.696539945066234054e+02	0.000000000000000000e+00	-inf	-inf
1.698950077066717768e+02	0.000000000000000000e+00	-inf	-inf
1.702833109956631006e+02	-inf	0.000000000000000000e+00	-inf
1.703507344632582772e+02	0.000000000000000000e+00	-inf	-inf
1.703754668291606151e+02	0.000000000000000000e+00	-inf	-inf
1.705035432043069648e+02	0.000000000000000000e+00	-inf	-inf
1.705246813886174380e+02	0.000000000000000000e+00	-inf	-inf
1.706049322856897561e+02	0.000000000000000000e+00	-inf	-inf
1.708483047024063808e+02	0.000000000000000000e+00	-inf	-inf
1.709782099548316694e+02	0.000000000000000000e+00	-inf	-inf
1.712182858682898257e+02	0.000000000000000000e+00	-inf	-inf
1.713573677919675617e+02	0.000000000000000000e+00	-inf	-inf
1.715926954329513876e+02	0.000000000000000000e+00	-inf	-inf
1.715989240809208525e+02	0.000000000000000000e+00	-inf	-inf
1.717648487158141961e+02	0.000000000000000000e+00	-inf	-inf
1.717847315823648557e+02	-inf	0.000000000000000000e+00	-inf
1.720683282472139979e+02	-inf	0.000000000000000000e+00	-inf
1.721386022021562781e+02	0.000000000000000000e+00	-inf	-inf
1.725463615488423557e+02	-inf	0.000000000000000000e+00	-inf
1.726037197465086024e+02	0.000000000000000000e+00	-inf	-inf
1.731117975765603489e+02	0.000000000000000000e+00	-inf	-inf
1.732558511768897063e+02	-inf	0.000000000000000000e+00	-inf
1.734259008628490335e+02	-inf	0.000000000000000000e+00	-inf
1.734666601100791183e+02	0.000000000000000000e+00	-inf	-inf
1.737465498078626922e+02	0.000000000000000000e+00	-inf	-inf
1.739893486756942877e+02	-inf	0.000000000000000000e+00	-inf
1.740009028383572627e+02	0.000000000000000000e+00	-inf	-inf
1.740035503326853075e+02	0.000000000000000000e+00	-inf	-inf
1.740836849938147566e+02	0.000000000000000000e+00	-inf	-inf
1.742010170657723336e+02	0.000000000000000000e+00	-inf	-inf
1.743504512698706606e+02	0.000000000000000000e+00	-inf	-inf
1.744327427945858631e+02	0.000000000000000000e+00	-inf	-inf
1.745047206997461160e+02	0.000000000000000000e+00	-inf	-inf
1.745329127599368633e+02	0.000000000000000000e+00	-inf	-inf
1.750097062440942466e+02	0.000000000000000000e+00	-inf	-inf
1.750646208154152816e+02	0.000000000000000000e+00	-inf	-inf
1.751633680565948339e+02	0.000000000000000000e+00	-inf	-inf
1.755007865147966015e+02	0.000000000000000000e+00	-inf	-inf
1.760063236531300106e+02	-inf	0.000000000000000000e+00	-inf
1.764214797547096225e+02	0.000000000000000000e+00	-inf	-inf
1.769742925282370152e+02	-inf	0.000000000000000000e+00	-inf
1.771319059973751280e+02	0.000000000000000000e+00	-inf	-inf
1.780746462292205479e+02	0.000000000000000000e+00	-inf	-inf
1.782232765766046327e+02	0.000000000000000000e+00	-inf	-inf
1.783263895571094224e+02	-inf	0.000000000000000000e+00	-inf
1.792620076027723428e+02	0.000000000000000000e+00	-inf	-inf
1.805255095654428317e+02	0.000000000000000000e+00	-inf	-inf
1.808778335457063235e+02	0.000000000000000000e+00	-inf	-inf
1.809187094783671057e+02	0.000000000000000000e+00	-inf	-inf
1.809574374531584908e+02	-inf	0.000000000000000000e+00	-inf
1.810505234340327263e+02	0.000000000000000000e+00	-inf	-inf
1.812204652837110075e+02	0.000000000000000000e+00	-inf	-inf
1.814258236539149323e+02	0.000000000000000000e+00	-inf	-inf
1.816013653463238597e+02	0.000000000000000000e+00	-inf	-inf
1.818697238831978211e+02	0.000000000000000000e+00	-inf	-inf
1.829940784994712430e+02	0.000000000000000000e+00	-inf	-inf
1.831210247026458546e+02	-inf	0.000000000000000000e+00	-inf
1.831867383449019258e+02	-inf	0.000000000000000000e+00	-inf
1.834478389654474881e+02	0.000000000000000000e+00	-inf	-inf
1.838670825387436878e+02	0.000000000000000000e+00	-inf	-inf
1.841719893781047404e+02	0.000000000000000000e+00	-inf	-inf
1.843250097648841290e+02	0.000000000000000000e+00	-inf	-inf
1.843728109636455201e+02	0.000000000000000000e+00	-inf	-inf
1.850168693951333694e+02	0.000000000000000000e+00	-inf	-inf
1.856252735911155014e+02	0.000000000000000000e+00	-inf	-inf
1.858624888149969934e+02	0.000000000000000000e+00	-inf	-inf
1.860088448841595152e+02	0.000000000000000000e+00	-inf	-inf
1.863461819719336745e+02	0.000000000000000000e+00	-inf	-inf
1.874906614466069641e+02	0.000000000000000000e+00	-inf	-inf
1.875574013620005758e+02	0.000000000000000000e+00	-inf	-inf
1.880575855397362091e+02	-inf	0.000000000000000000e+00	-inf
1.882540555054739571e+02	-inf	0.000000000000000000e+00	-inf
1.884479689755639811e+02	0.000000000000000000e+00	-inf	-inf
1.891181812175478001e+02	0.000000000000000000e+00	-inf	-inf
1.894488934519376642e+02	0.000000000000000000e+00	-inf	-inf
1.908858987658903175e+02	0.000000000000000000e+00	-inf	-inf
1.909020449045816576e+02	-inf	0.000000000000000000e+00	-inf
1.909078438097868684e+02	-inf	0.000000000000000000e+00	-inf
1.909984521992027453e+02	0.000000000000000000e+00	-inf	-inf
1.910459856463957635e+02	0.000000000000000000e+00	-inf	-inf
1.910941618482608533e+02	0.000000000000000000e+00	-inf	-inf
1.911133370900712691e+02	0.000000000000000000e+00	-inf	-inf
1.915158145195582335e+02	0.000000000000000000e+00	-inf	-inf
1.917757405031720168e+02	0.000000000000000000e+00	-inf	-inf
1.924216471697386623e+02	0.000000000000000000e+00	-inf	-inf
1.924471606062803630e+02	0.000000000000000000e+00	-inf	-inf
1.926719073039067496e+02	0.000000000000000000e+00	-inf	-inf
1.940206349235059236e+02	0.000000000000000000e+00	-inf	-inf
1.942886071242692196e+02	0.000000000000000000e+00	-inf	-inf
1.959820905272807749e+02	0.000000000000000000e+00	-inf	-inf
1.960613512240101386e+02	0.000000000000000000e+00	-inf	-inf
1.966085782828303365e+02	0.000000000000000000e+00	-inf	-inf
1.969356381787751218e+02	0.000000000000000000e+00	-inf	-inf
1.972402834279802448e+02	0.000000000000000000e+00	-inf	-inf
1.973325978909454079e+02	0.000000000000000000e+00	-inf	-inf
1.974073170810401052e+02	0.000000000000000000e+00	-inf	-inf
1.977212146621331215e+02	0.000000000000000000e+00	-inf	-inf
1.979262157402008313e+02	0.000000000000000000e+00	-inf	-inf
1.979952498305717370e+02	0.000000000000000000e+00	-inf	-inf
1.981153275152653066e+02	0.000000000000000000e+00	-inf	-inf
1.994927593037923259e+02	0.000000000000000000e+00	-inf	-inf
1.997530421881202471e+02	0.000000000000000000e+00	-inf	-inf
2.005159717807545974e+02	0.000000000000000000e+00	-inf	-inf
2.005534304342506289e+02	-inf	0.000000000000000000e+00	-inf
2.008801181377495766e+02	0.000000000000000000e+00	-inf	-inf
2.011243756820761632e+02	0.000000000000000000e+00	-inf	-inf
2.014044551157196850e+02	0.000000000000000000e+00	-inf	-inf
2.016195909620816167e+02	0.000000000000000000e+00	-inf	-inf
2.017714792112901137e+02	-inf	0.000000000000000000e+00	-inf
2.017893904911233278e+02	0.000000000000000000e+00	-inf	-inf
2.021221815829688069e+02	-inf	0.000000000000000000e+00	-inf
2.022024163433574131e+02	0.000000000000000000e+00	-inf	-inf
2.022966150823584996e+02	0.000000000000000000e+00	-inf	-inf
2.024451657829000339e+02	0.000000000000000000e+00	-inf	-inf
2.025642684749746252e+02	0.000000000000000000e+00	-inf	-inf
2.027690447089718475e+02	0.000000000000000000e+00	-inf	-inf
2.028344572416926326e+02	0.000000000000000000e+00	-inf	-inf
2.032795866926979329e+02	-inf	0.000000000000000000e+00	-inf
2.033876309879657072e+02	0.000000000000000000e+00	-inf	-inf
2.034128827779600499e+02	0.000000000000000000e+00	-inf	-inf
2.034881511885110683e+02	0.000000000000000000e+00	-inf	-inf
2.040152289374865120e+02	-inf	0.000000000000000000e+00	-inf
2.046040641475775601e+02	0.000000000000000000e+00	-inf	-inf
2.047464637778533358e+02	-inf	0.000000000000000000e+00	-inf
2.054853402388393988e+02	0.000000000000000000e+00	-inf	-inf
2.055801696959816525e+02	0.000000000000000000e+00	-inf	-inf
2.060659968551306918e+02	0.000000000000000000e+00	-inf	-inf
2.060845239113189677e+02	0.000000000000000000e+00	-inf	-inf
2.079085018164727785e+02	0.000000000000000000e+00	-inf	-inf
2.080969735832670438e+02	-inf	0.000000000000000000e+00	-inf
2.084671788550739109e+02	0.000000000000000000e+00	-inf	-inf
2.092164005283112260e+02	0.000000000000000000e+00	-inf	-inf
2.094573002064148284e+02	0.000000000000000000e+00	-inf	-inf
2.096085586462685626e+02	0.000000000000000000e+00	-inf	-inf
2.096295367387638464e+02	0.000000000000000000e+00	-inf	-inf
2.098998086916279249e+02	0.000000000000000000e+00	-inf	-inf
2.100057279251675482e+02	0.000000000000000000e+00	-inf	-inf
2.101610056525899495e+02	0.000000000000000000e+00	-inf	-inf
2.102470016025363009e+02	0.000000000000000000e+00	-inf	-inf
2.103746780936705818e+02	0.000000000000000000e+00	-inf	-inf
2.107101682551594877e+02	0.000000000000000000e+00	-inf	-inf
2.108455849697245981e+02	0.000000000000000000e+00	-inf	-inf
2.111230299630618106e+02	0.000000000000000000e+00	-inf	-inf
2.113669843318167239e+02	0.000000000000000000e+00	-inf	-inf
2.122655871174975175e+02	0.000000000000000000e+00	-inf	-inf
2.129559748157157628e+02	-inf	0.000000000000000000e+00	-inf
2.135525103335325525e+02	0.000000000000000000e+00	-inf	-inf
2.136240085915260352e+02	0.000000000000000000e+00	-inf	-inf
2.137289610422703845e+02	0.000000000000000000e+00	-inf	-inf
2.156641654831952621e+02	0.000000000000000000e+00	-inf	-inf
2.166050180942046381e+02	-inf	0.000000000000000000e+00	-inf
2.169481926061006050e+02	-inf	0.000000000000000000e+00	-inf
2.169838631294475135e+02	0.000000000000000000e+00	-inf	-inf
2.169973982124151348e+02	0.000000000000000000e+00	-inf	-inf
2.170667929605731388e+02	0.000000000000000000e+00	-inf	-inf
2.176911816458391797e+02	0.000000000000000000e+00	-inf	-inf
2.178620725519111261e+02	0.000000000000000000e+00	-inf	-inf
2.183001168666493754e+02	0.000000000000000000e+00	-inf	-inf
2.183933368624429932e+02	0.000000000000000000e+00	-inf	-inf
2.192123552116789540e+02	0.000000000000000000e+00	-inf	-inf
2.192273588239778519e+02	0.000000000000000000e+00	-inf	-inf
2.195132941453789783e+02	0.000000000000000000e+00	-inf	-inf
2.197416158574415306e+02	0.000000000000000000e+00	-inf	-inf
2.200835242702243875e+02	0.000000000000000000e+00	-inf	-inf
2.205417136027070910e+02	0.000000000000000000e+00	-inf	-inf
2.209083053067595017e+02	0.000000000000000000e+00	-inf	-inf
2.209796026349574163e+02	0.000000000000000000e+00	-inf	-inf
2.210644668335440883e+02	0.000000000000000000e+00	-inf	-inf
2.211082395391689204e+02	0.000000000000000000e+00	-inf	-inf
2.215185857568934864e+02	0.000000000000000000e+00	-inf	-inf
2.216919994967954324e+02	0.000000000000000000e+00	-inf	-inf
2.231539348056217875e+02	0.000000000000000000e+00	-inf	-inf
2.232667235107568899e+02	0.000000000000000000e+00	-inf	-inf
2.236306182960183548e+02	0.000000000000000000e+00	-inf	-inf
2.237713958212116268e+02	0.000000000000000000e+00	-inf	-inf
2.237923567206269126e+02	-inf	0.000000000000000000e+00	-inf
2.240240241359042557e+02	-inf	0.000000000000000000e+00	-inf
2.241761769135230509e+02	0.000000000000000000e+00	-inf	-inf
2.245861164061709587e+02	0.000000000000000000e+00	-inf	-inf
2.251790408517957189e+02	0.000000000000000000e+00	-inf	-inf
2.257589724308886900e+02	0.000000000000000000e+00	-inf	-inf
2.258484977813749026e+02	0.000000000000000000e+00	-inf	-inf
2.260079545311063782e+02	0.000000000000000000e+00	-inf	-inf
2.261246358120382922e+02	0.000000000000000000e+00	-inf	-inf
2.263024209368070387e+02	0.000000000000000000e+00	-inf	-inf
2.266994944535164507e+02	0.000000000000000000e+00	-inf	-inf
2.268904251621256662e+02	0.000000000000000000e+00	-inf	-inf
2.274485237469232857e+02	0.000000000000000000e+00	-inf	-inf
2.276805999170501025e+02	0.000000000000000000e+00	-inf	-inf
2.284655512548451100e+02	0.000000000000000000e+00	-inf	-inf
2.286255095147886323e+02	0.000000000000000000e+00	-inf	-inf
2.289711767528932569e+02	0.000000000000000000e+00	-inf	-inf
2.293029891467435277e+02	0.000000000000000000e+00	-inf	-inf
2.293147119340486881e+02	0.000000000000000000e+00	-inf	-inf
2.297256247615930818e+02	-inf	0.000000000000000000e+00	-inf
2.298923998124875823e+02	0.000000000000000000e+00	-inf	-inf
2.299491751488105820e+02	0.000000000000000000e+00	-inf	-inf
2.300589729776823731e+02	0.000000000000000000e+00	-inf	-inf
2.310705815051094305e+02	0.000000000000000000e+00	-inf	-inf
2.319067092501138632e+02	0.000000000000000000e+00	-inf	-inf
2.319178424702232633e+02	0.000000000000000000e+00	-inf	-inf
2.320393954000790302e+02	-inf	0.000000000000000000e+00	-inf
2.320983624942471124e+02	0.000000000000000000e+00	-inf	-inf
2.333397257383718966e+02	-inf	0.000000000000000000e+00	-inf
2.336018011201271918e+02	-inf	0.000000000000000000e+00	-inf
2.346952858593938629e+02	0.000000000000000000e+00	-inf	-inf
2.348030727993635480e+02	0.000000000000000000e+00	-inf	-inf
2.348528616644885290e+02	0.000000000000000000e+00	-inf	-inf
2.348847815518163600e+02	0.000000000000000000e+00	-inf	-inf
2.356446856608700386e+02	0.000000000000000000e+00	-inf	-inf
2.358960985396696231e+02	0.000000000000000000e+00	-inf	-inf
2.365800128671368157e+02	-inf	0.000000000000000000e+00	-inf
2.368523106880557236e+02	-inf	0.000000000000000000e+00	-inf
2.369069855190546718e+02	0.000000000000000000e+00	-inf	-inf
2.369713437801868849e+02	0.000000000000000000e+00	-inf	-inf
2.377976232150925000e+02	0.000000000000000000e+00	-inf	-inf
2.383183640649727124e+02	-inf	0.000000000000000000e+00	-inf
2.384189889738470924e+02	0.000000000000000000e+00	-inf	-inf
2.385372564147814671e+02	0.000000000000000000e+00	-inf	-inf
2.388717662875199039e+02	0.000000000000000000e+00	-inf	-inf
2.391358147752026468e+02	0.000000000000000000e+00	-inf	-inf
2.391660698732087837e+02	0.000000000000000000e+00	-inf	-inf
2.392844815363977204e+02	0.000000000000000000e+00	-inf	-inf
2.395302214621369501e+02	0.000000000000000000e+00	-inf	-inf
2.396800720919936794e+02	0.000000000000000000e+00	-inf	-inf
2.397552205557362015e+02	0.000000000000000000e+00	-inf	-inf
2.400833838091062944e+02	0.000000000000000000e+00	-inf	-inf
2.400979183509471966e+02	0.000000000000000000e+00	-inf	-inf
2.406357827836190779e+02	0.000000000000000000e+00	-inf	-inf
2.411983874055852084e+02	0.000000000000000000e+00	-inf	-inf
2.413930334243702873e+02	0.000000000000000000e+00	-inf	-inf
2.417577294889694883e+02	0.000000000000000000e+00	-inf	-inf
2.417709948879358421e+02	0.000000000000000000e+00	-inf	-inf
2.418159085793504346e+02	0.000000000000000000e+00	-inf	-inf
2.419491766076454269e+02	0.000000000000000000e+00	-inf	-inf
2.426165391570664553e+02	-inf	0.000000000000000000e+00	-inf
2.426334578037773326e+02	0.000000000000000000e+00	-inf	-inf
2.433576148797831706e+02	0.000000000000000000e+00	-inf	-inf
2.434083002801327495e+02	0.000000000000000000e+00	-inf	-inf
2.435300832737962935e+02	0.000000000000000000e+00	-inf	-inf
2.436687021952472207e+02	0.000000000000000000e+00	-inf	-inf
2.437002099216317390e+02	0.000000000000000000e+00	-inf	-inf
2.440588443201497171e+02	0.000000000000000000e+00	-inf	-inf
2.444972573940484608e+02	0.000000000000000000e+00	-inf	-inf
2.447406414959779397e+02	0.000000000000000000e+00	-inf	-inf
2.447506246677894808e+02	0.000000000000000000e+00	-inf	-inf
2.448663008870324518e+02	0.000000000000000000e+00	-inf	-inf
2.449389309981795577e+02	0.000000000000000000e+00	-inf	-inf
2.450075761431640728e+02	0.000000000000000000e+00	-inf	-inf
2.458547894637319757e+02	-inf	0.000000000000000000e+00	-inf
2.459794720319952717e+02	0.000000000000000000e+00	-inf	-inf
2.463398815907393384e+02	0.000000000000000000e+00	-inf	-inf
2.465773434590798843e+02	0.000000000000000000e+00	-inf	-inf
2.468596570995532886e+02	0.000000000000000000e+00	-inf	-inf
2.468911189222537246e+02	-inf	-inf	0.000000000000000000e+00
2.469000737999361377e+02	-inf	0.000000000000000000e+00	-inf
2.470086620363756253e+02	-inf	-inf	0.000000000000000000e+00
2.471339218135096019e+02	0.000000000000000000e+00	-inf	-inf
2.474045002760043417e+02	-inf	0.000000000000000000e+00	-inf
2.479013258001829172e+02	-inf	0.000000000000000000e+00	-inf
2.481257332677436125e+02	0.000000000000000000e+00	-inf	-inf
2.481399629209739430e+02	0.000000000000000000e+00	-inf	-inf
2.486742395577140599e+02	0.000000000000000000e+00	-inf	-inf
2.491784320262941321e+02	0.000000000000000000e+00	-inf	-inf
2.495324999518497293e+02	-inf	0.000000000000000000e+00	-inf
2.496145991552604073e+02	-inf	0.000000000000000000e+00	-inf
2.498429427874548878e+02	0.000000000000000000e+00	-inf	-inf
2.501103081232352281e+02	0.000000000000000000e+00	-inf	-inf
2.504778959838301944e+02	0.000000000000000000e+00	-inf	-inf
2.508478040861888019e+02	-inf	0.000000000000000000e+00	-inf
2.509707360044261009e+02	0.000000000000000000e+00	-inf	-inf
2.515375719235043164e+02	0.000000000000000000e+00	-inf	-inf
2.515544052086291629e+02	-inf	0.000000000000000000e+00	-inf
2.517475433301503642e+02	0.000000000000000000e+00	-inf	-inf
2.520176004683696647e+02	0.000000000000000000e+00	-inf	-inf
2.526220081342325159e+02	0.000000000000000000e+00	-inf	-inf
2.530071709533633282e+02	0.000000000000000000e+00	-inf	-inf
2.530917738153991934e+02	0.000000000000000000e+00	-inf	-inf
2.533090154223695549e+02	0.000000000000000000e+00	-inf	-inf
2.533627994835869401e+02	0.000000000000000000e+00	-inf	-inf
2.536222906886260660e+02	0.000000000000000000e+00	-inf	-inf
2.538077436157733757e+02	0.000000000000000000e+00	-inf	-inf
2.539202541053419395e+02	0.000000000000000000e+00	-inf	-inf
2.541548671821882124e+02	0.000000000000000000e+00	-inf	-inf
2.549968390044789714e+02	-inf	0.000000000000000000e+00	-inf
2.550936273448243128e+02	0.000000000000000000e+00	-inf	-inf
2.553856587027421483e+02	0.000000000000000000e+00	-inf	-inf
2.555776860614897714e+02	0.000000000000000000e+00	-inf	-inf
2.556336893976864530e+02	-inf	0.000000000000000000e+00	-inf
2.556919672832079300e+02	0.000000000000000000e+00	-inf	-inf
2.563404979356039917e+02	0.000000000000000000e+00	-inf	-inf
2.563556866317017580e+02	0.000000000000000000e+00	-inf	-inf
2.571432912050024129e+02	-inf	0.000000000000000000e+00	-inf
2.575019243085425273e+02	0.000000000000000000e+00	-inf	-inf
2.577104942899641742e+02	0.000000000000000000e+00	-inf	-inf
2.577185171697112196e+02	0.000000000000000000e+00	-inf	-inf
2.577802197189285494e+02	0.000000000000000000e+00	-inf	-inf
2.578431294237831253e+02	-inf	0.000000000000000000e+00	-inf
2.583853406758215101e+02	0.000000000000000000e+00	-inf	-inf
2.586840030450244399e+02	0.000000000000000000e+00	-inf	-inf
2.588183839519687695e+02	0.000000000000000000e+00	-inf	-inf
2.588998625843238983e+02	0.000000000000000000e+00	-inf	-inf
2.589871370298106967e+02	0.000000000000000000e+00	-inf	-inf
2.590582777293889762e+02	-inf	0.000000000000000000e+00	-inf
2.594324047816451184e+02	0.000000000000000000e+00	-inf	-inf
2.594835462079263948e+02	-inf	0.000000000000000000e+00	-inf
2.595515159165310024e+02	-inf	0.000000000000000000e+00	-inf
2.600827392595236347e+02	0.000000000000000000e+00	-inf	-inf
2.601665733531457363e+02	0.000000000000000000e+00	-inf	-inf
2.603139160609475766e+02	0.000000000000000000e+00	-inf	-inf
2.608314910991095417e+02	0.000000000000000000e+00	-inf	-inf
2.609722516035054696e+02	0.000000000000000000e+00	-inf	-inf
2.615624509776991431e+02	0.000000000000000000e+00	-inf	-inf
2.616416432250118191e+02	0.000000000000000000e+00	-inf	-inf
2.616886447788047008e+02	-inf	0.000000000000000000e+00	-inf
2.632082490377155182e+02	-inf	0.000000000000000000e+00	-inf
2.632793228694039271e+02	0.000000000000000000e+00	-inf	-inf
2.634913502232961378e+02	0.000000000000000000e+00	-inf	-inf
2.635945991695566022e+02	0.000000000000000000e+00	-inf	-inf
2.636259358206816046e+02	0.000000000000000000e+00	-inf	-inf
2.639527400246083175e+02	0.000000000000000000e+00	-inf	-inf
2.640002532253362233e+02	0.000000000000000000e+00	-inf	-inf
2.640842884691582526e+02	0.000000000000000000e+00	-inf	-inf
2.641889625637103904e+02	0.000000000000000000e+00	-inf	-inf
2.644497505477867776e+02	0.000000000000000000e+00	-inf	-inf
2.647511794216455314e+02	0.000000000000000000e+00	-inf	-inf
2.649215619694369934e+02	0.000000000000000000e+00	-inf	-inf
2.661149805860375182e+02	0.000000000000000000e+00	-inf	-inf
2.663212505584510836e+02	0.000000000000000000e+00	-inf	-inf
2.667082252001939651e+02	-inf	0.000000000000000000e+00	-inf
2.669774781752661283e+02	0.000000000000000000e+00	-inf	-inf
2.670844595077670078e+02	0.000000000000000000e+00	-inf	-inf
2.672763797244552393e+02	-inf	0.000000000000000000e+00	-inf
2.675389395626680766e+02	0.000000000000000000e+00	-inf	-inf
2.678311765615194417e+02	-inf	0.000000000000000000e+00	-inf
2.684429800099447334e+02	0.000000000000000000e+00	-inf	-inf
2.685779788564501587e+02	0.000000000000000000e+00	-inf	-inf
2.687105745621275901e+02	0.000000000000000000e+00	-inf	-inf
2.688531461988549722e+02	-inf	0.000000000000000000e+00	-inf
2.694482685585916784e+02	0.000000000000000000e+00	-inf	-inf
2.698830683936989203e+02	0.000000000000000000e+00	-inf	-inf
2.700988666621822176e+02	0.000000000000000000e+00	-inf	-inf
2.701540934430997822e+02	-inf	0.000000000000000000e+00	-inf
2.701935102896180751e+02	0.000000000000000000e+00	-inf	-inf
2.702450478647333512e+02	-inf	0.000000000000000000e+00	-inf
2.703158790709994719e+02	-inf	0.000000000000000000e+00	-inf
2.703335005235260269e+02	0.000000000000000000e+00	-inf	-inf
2.703484921527079905e+02	0.000000000000000000e+00	-inf	-inf
2.705007616181349590e+02	0.000000000000000000e+00	-inf	-inf
2.705094483944091621e+02	0.000000000000000000e+00	-inf	-inf
2.721763017377761571e+02	-inf	0.000000000000000000e+00	-inf
2.727313521541814225e+02	0.000000000000000000e+00	-inf	-inf
2.728617101200587740e+02	0.000000000000000000e+00	-inf	-inf
2.737108827757982681e+02	0.000000000000000000e+00	-inf	-inf
2.740537342730011687e+02	-inf	0.000000000000000000e+00	-inf
2.743756378959945437e+02	0.000000000000000000e+00	-inf	-inf
2.749549837044621654e+02	0.000000000000000000e+00	-inf	-inf
2.750274762180285393e+02	-inf	0.000000000000000000e+00	-inf
2.752043984354905888e+02	0.000000000000000000e+00	-inf	-inf
2.753051736492925556e+02	0.000000000000000000e+00	-inf	-inf
2.753191864951485854e+02	0.000000000000000000e+00	-inf	-inf
2.759543323429697352e+02	-inf	0.000000000000000000e+00	-inf
2.759751816019265789e+02	0.000000000000000000e+00	-inf	-inf
2.762966647051428026e+02	0.000000000000000000e+00	-inf	-inf
2.766765904350559140e+02	-inf	0.000000000000000000e+00	-inf
2.767892829353432944e+02	0.000000000000000000e+00	-inf	-inf
2.771609888939836424e+02	0.000000000000000000e+00	-inf	-inf
2.779771919005604559e+02	0.000000000000000000e+00	-inf	-inf
2.779833168640639087e+02	0.000000000000000000e+00	-inf	-inf
2.780417346744397946e+02	0.000000000000000000e+00	-inf	-inf
2.782182884116514856e+02	0.000000000000000000e+00	-inf	-inf
2.783019859039396238e+02	0.000000000000000000e+00	-inf	-inf
2.786842854213529108e+02	0.000000000000000000e+00	-inf	-inf
2.787197208530732269e+02	0.000000000000000000e+00	-inf	-inf
2.787380346655389189e+02	0.000000000000000000e+00	-inf	-inf
2.788774543610794581e+02	0.000000000000000000e+00	-inf	-inf
2.788953578016510733e+02	0.000000000000000000e+00	-inf	-inf
2.791544295717625914e+02	-inf	0.000000000000000000e+00	-inf
2.804763861941905247e+02	0.000000000000000000e+00	-inf	-inf
2.806764032110418157e+02	0.000000000000000000e+00	-inf	-inf
2.807604299741939258e+02	0.000000000000000000e+00	-inf	-inf
2.816626711318654088e+02	0.000000000000000000e+00	-inf	-inf
2.818714990113036265e+02	0.000000000000000000e+00	-inf	-inf
2.825635193439634918e+02	0.000000000000000000e+00	-inf	-inf
2.828710087726445295e+02	0.000000000000000000e+00	-inf	-inf
2.830998570505650491e+02	0.000000000000000000e+00	-inf	-inf
2.831448881091847056e+02	0.000000000000000000e+00	-inf	-inf
2.831463633041556704e+02	0.000000000000000000e+00	-inf	-inf
2.832115364200967065e+02	0.000000000000000000e+00	-inf	-inf
2.837946981218043447e+02	0.000000000000000000e+00	-inf	-inf
2.838390411355228480e+02	0.000000000000000000e+00	-inf	-inf
2.845770424237079510e+02	0.000000000000000000e+00	-inf	-inf
2.859073443650100899e+02	0.000000000000000000e+00	-inf	-inf
2.863096987072526645e+02	0.000000000000000000e+00	-inf	-inf
2.865767493163789936e+02	0.000000000000000000e+00	-inf	-inf
2.866906876324412679e+02	0.000000000000000000e+00	-inf	-inf
2.870796768719391707e+02	0.000000000000000000e+00	-inf	-inf
2.871286038910726006e+02	-inf	0.000000000000000000e+00	-inf
2.873299094427309228e+02	0.000000000000000000e+00	-inf	-inf
2.877784858554261973e+02	0.000000000000000000e+00	-inf	-inf
2.884529521450695597e+02	0.000000000000000000e+00	-inf	-inf
2.887983245161060495e+02	0.000000000000000000e+00	-inf	-inf
2.894806276094844293e+02	0.000000000000000000e+00	-inf	-inf
2.900253038089151119e+02	0.000000000000000000e+00	-inf	-inf
2.904292369784385528e+02	0.000000000000000000e+00	-inf	-inf
2.905239037816267000e+02	0.000000000000000000e+00	-inf	-inf
2.908030807473227810e+02	0.000000000000000000e+00	-inf	-inf
2.908378332906584092e+02	0.000000000000000000e+00	-inf	-inf
2.908495066421322122e+02	0.000000000000000000e+00	-inf	-inf
2.910672896897243049e+02	0.000000000000000000e+00	-inf	-inf
2.911125864212708620e+02	0.000000000000000000e+00	-inf	-inf
2.914036913083091918e+02	0.000000000000000000e+00	-inf	-inf
2.915666100391135842e+02	-inf	0.000000000000000000e+00	-inf
2.919704183095574308e+02	0.000000000000000000e+00	-inf	-inf
2.922888209307103580e+02	0.000000000000000000e+00	-inf	-inf
2.925229349616696481e+02	0.000000000000000000e+00	-inf	-inf
2.926063540022336724e+02	0.000000000000000000e+00	-inf	-inf
2.928287462881725105e+02	0.000000000000000000e+00	-inf	-inf
2.928383958311970900e+02	0.000000000000000000e+00	-inf	-inf
2.929182497366845155e+02	0.000000000000000000e+00	-inf	-inf
2.930241412632253173e+02	0.000000000000000000e+00	-inf	-inf
2.930403243988382087e+02	0.000000000000000000e+00	-inf	-inf
2.934716915269526680e+02	0.000000000000000000e+00	-inf	-inf
2.934794060842225463e+02	0.000000000000000000e+00	-inf	-inf
2.939397469834189565e+02	0.000000000000000000e+00	-inf	-inf
2.947491215443990313e+02	0.000000000000000000e+00	-inf	-inf
2.952990631462958504e+02	0.000000000000000000e+00	-inf	-inf
2.954659069906767286e+02	0.000000000000000000e+00	-inf	-inf
2.958426248888662826e+02	0.000000000000000000e+00	-inf	-inf
2.961971539728121456e+02	0.000000000000000000e+00	-inf	-inf
2.962893320435203464e+02	0.000000000000000000e+00	-inf	-inf
2.965892471997395887e+02	0.000000000000000000e+00	-inf	-inf
2.972372470364543346e+02	0.000000000000000000e+00	-inf	-inf
2.974111774661791969e+02	0.000000000000000000e+00	-inf	-inf
2.981383297778689325e+02	0.000000000000000000e+00	-inf	-inf
2.985557412108043991e+02	0.000000000000000000e+00	-inf	-inf
2.989845328560482471e+02	0.000000000000000000e+00	-inf	-inf
2.997218988858603552e+02	0.000000000000000000e+00	-inf	-inf
