-5.000000012431863785e+09
-4.151087852998714447e+09
-3.446306064420651913e+09
-2.861183841827873230e+09
-2.375405093111135006e+09
-1.972103041685527563e+09
-1.637274593312527895e+09
-1.359294133147103548e+09
-1.128509871504552603e+09
-9.369087230247536898e+08
-7.778380834667659998e+08
-6.457748439159342051e+08
-5.361336223206217289e+08
-4.451075539449449182e+08
-3.695361128056803942e+08
-3.067953747070173025e+08
-2.547069116841433942e+08
-2.114621545697653890e+08
-1.755595974680137634e+08
-1.457526638054820299e+08
-1.210064238109083474e+08
-1.004616606064081490e+08
-8.340503724512447417e+07
-6.924432886178168654e+07
-5.748785996894123405e+07
-4.772743293911220878e+07
-3.962415493068266660e+07
-3.289667115283141285e+07
-2.731139591534100473e+07
-2.267440227452848107e+07
-1.882468867481414601e+07
-1.562858879625926167e+07
-1.297513051178300940e+07
-1.077218281191001832e+07
-8.943256914004029706e+06
-7.424850486955458298e+06
-6.164242779859741218e+06
-5.117664099110808223e+06
-4.248776076125179417e+06
-3.527409958907558583e+06
-2.928519119542860892e+06
-2.431309407513494603e+06
-2.018517153745397227e+06
-1.675809756882851711e+06
-1.391288039483310888e+06
-1.155073095387661597e+06
-9.589632831486718496e+05
-7.961494559493400156e+05
-6.609785404781959951e+05
-5.487572559581223177e+05
-4.555891582357844454e+05
-3.782393509218369727e+05
-3.140221662027646671e+05
-2.607079154776209034e+05
-2.164454720984402520e+05
-1.796979982012497785e+05
-1.491895839920133876e+05
-1.238609467443763715e+05
-1.028326513293076714e+05
-8.537457525266298035e+04
-7.088055799292537267e+04
-5.884735443603649765e+04
-4.885716164724432747e+04
-4.056311229011936666e+04
-3.367723100816905935e+04
-2.796043560127145975e+04
-2.321423582669062307e+04
-1.927384159784363146e+04
-1.600244128984290001e+04
-1.328645148823936324e+04
-1.103157324697787408e+04
-9.159517924470032085e+03
-7.605288915183907193e+03
-6.314924895458308129e+03
-5.243626226534884154e+03
-4.354199461444930421e+03
-3.615765947305671034e+03
-3.002689684266333188e+03
-2.493687215178482802e+03
-2.071088640373064663e+03
-1.720224099158321451e+03
-1.428914415995953050e+03
-1.187048226026185603e+03
-9.862308972711020942e+02
-8.194930597058167905e+02
-6.810486210035244312e+02
-5.660938669924406668e+02
-4.706406713693006623e+02
-3.913780235249462862e+02
-3.255570665734732643e+02
-2.708956539762130546e+02
-2.254991108583758717e+02
-1.877944487600881871e+02
-1.564757496803350705e+02
-1.304588230806659226e+02
-1.088435614803760245e+02
-9.088268757502791573e+01
-7.595580772632938249e+01
-6.354787090845012187e+01
-5.323128515051247689e+01
-5.313025276279501696e+01
-5.302931962715356917e+01
-5.292848574178884036e+01
-5.282775110489650672e+01
-5.272711571466720670e+01
-5.262657956928645575e+01
-5.252614266693473155e+01
-5.242580500578737457e+01
-5.232556658401461647e+01
-5.222542739978150195e+01
-5.212538745124795980e+01
-5.202544673656870344e+01
-5.192560525389325932e+01
-5.182586300136588875e+01
-5.172621997712567321e+01
-5.162667617930637931e+01
-5.152723160603652985e+01
-5.142788625543929726e+01
-5.132864012563258882e+01
-5.122949321472893303e+01
-5.113044552083552219e+01
-5.103149704205414849e+01
-5.093264777648119690e+01
-5.083389772220765224e+01
-5.073524687731907079e+01
-5.063669523989549504e+01
-5.053824280801152469e+01
-5.043988957973625986e+01
-5.034163555313327976e+01
-5.024348072626056450e+01
-5.014542509717061591e+01
-5.004746866391027282e+01
-4.994961142452083891e+01
-4.985185337703791220e+01
-4.975419451949150584e+01
-4.965663484990593446e+01
-4.955917436629984252e+01
-4.946181306668611910e+01
-4.936455094907196184e+01
-4.926738801145879165e+01
-4.917032425184227407e+01
-4.907335966821223394e+01
-4.897649425855269811e+01
-4.887972802084185986e+01
-4.878306095305204337e+01
-4.868649305314966114e+01
-4.859002431909524233e+01
-4.849365474884336180e+01
-4.839738434034267556e+01
-4.830121309153580000e+01
-4.820514100035939009e+01
-4.810916806474411089e+01
-4.801329428261449550e+01
-4.791751965188906581e+01
-4.782184417048024727e+01
-4.772626783629434755e+01
-4.763079064723149258e+01
-4.753541260118569767e+01
-4.744013369604476793e+01
-4.734495392969030547e+01
-4.724987329999765961e+01
-4.715489180483593401e+01
-4.706000944206794401e+01
-4.696522620955022376e+01
-4.687054210513291963e+01
-4.677595712665986838e+01
-4.668147127196850477e+01
-4.658708453888988998e+01
-4.649279692524859087e+01
-4.639860842886277226e+01
-4.630451904754411885e+01
-4.621052877909778545e+01
-4.611663762132239697e+01
-4.602284557201002002e+01
-4.592915262894617712e+01
-4.583555878990974719e+01
-4.574206405267295850e+01
-4.564866841500143124e+01
-4.555537187465407101e+01
-4.546217442938307585e+01
-4.536907607693388655e+01
-4.527607681504521508e+01
-4.518317664144896639e+01
-4.509037555387024554e+01
-4.499767355002725111e+01
-4.490507062763138180e+01
-4.481256678438711560e+01
-4.472016201799200275e+01
-4.462785632613662301e+01
-4.453564970650460708e+01
-4.444354215677255837e+01
-4.435153367461006013e+01
-4.425962425767960440e+01
-4.416781390363662041e+01
-4.407610261012941066e+01
-4.398449037479912960e+01
-4.389297719527975516e+01
-4.380156306919804621e+01
-4.371024799417354956e+01
-4.361903196781855030e+01
-4.352791498773802914e+01
-4.343689705152964109e+01
-4.334597815678372257e+01
-4.325515830108322035e+01
-4.316443748200363473e+01
-4.307381569711307634e+01
-4.298329294397218803e+01
-4.289286922013405956e+01
-4.280254452314432001e+01
-4.271231885054100985e+01
-4.262219219985458807e+01
-4.253216456860788242e+01
-4.244223595431607521e+01
-4.235240635448668911e+01
-4.226267576661952319e+01
-4.217304418820661027e+01
-4.208351161673223828e+01
-4.199407804967289337e+01
-4.190474348449721020e+01
-4.181550791866594352e+01
-4.172637134963198235e+01
-4.163733377484024345e+01
-4.154839519172772810e+01
-4.145955559772338006e+01
-4.137081499024815656e+01
-4.128217336671495019e+01
-4.119363072452853913e+01
-4.110518706108558007e+01
-4.101684237377457265e+01
-4.092859665997582397e+01
-4.084044991706141303e+01
-4.075240214239512682e+01
-4.066445333333250289e+01
-4.057660348722070864e+01
-4.048885260139859810e+01
-4.040120067319655561e+01
-4.031364769993658115e+01
-4.022619367893220499e+01
-4.013883860748844512e+01
-4.005158248290175749e+01
-3.996442530246006442e+01
-3.987736706344265514e+01
-3.979040776312019290e+01
-3.970354739875463679e+01
-3.961678596759924176e+01
-3.953012346689850887e+01
-3.944355989388817108e+01
-3.935709524579508667e+01
-3.927072951983728188e+01
-3.918446271322390828e+01
-3.909829482315514326e+01
-3.901222584682219008e+01
-3.892625578140726361e+01
-3.884038462408351933e+01
-3.875461237201503195e+01
-3.866893902235673153e+01
-3.858336457225441052e+01
-3.849788901884465275e+01
-3.841251235925477658e+01
-3.832723459060286331e+01
-3.824205570999765058e+01
-3.815697571453852532e+01
-3.807199460131547397e+01
-3.798711236740903985e+01
-3.790232900989030185e+01
-3.781764452582085312e+01
-3.773305891225264475e+01
-3.764857216622810654e+01
-3.756418428478000493e+01
-3.747989526493144297e+01
-3.739570510369576795e+01
-3.731161379807659983e+01
-3.722762134506773180e+01
-3.714372774165315860e+01
-3.705993298480691323e+01
-3.697623707149316630e+01
-3.689263999866607691e+01
-3.680914176326983522e+01
-3.672574236223852040e+01
-3.664244179249613609e+01
-3.655924005095654650e+01
-3.647613713452346218e+01
-3.639313304009026950e+01
-3.631022776454017986e+01
-3.622742130474603783e+01
-3.614471365757032828e+01
-3.606210481986514083e+01
-3.597959478847209169e+01
-3.589718356022232371e+01
-3.581487113193642813e+01
-3.573265750042440203e+01
-3.565054266248559856e+01
-3.556852661490871981e+01
-3.548660935447172449e+01
-3.540479087794177815e+01
-3.532307118207525320e+01
-3.524145026361765076e+01
-3.515992811930356510e+01
-3.507850474585657707e+01
-3.499718013998931809e+01
-3.491595429840332798e+01
-3.483482721778906210e+01
-3.475379889482579898e+01
-3.467286932618162609e+01
-3.459203850851335460e+01
-3.451130643846652646e+01
-3.443067311267530073e+01
-3.435013852776247489e+01
-3.426970268033932854e+01
-3.418936556700569440e+01
-3.410912718434983049e+01
-3.402898752894839873e+01
-3.394894659736637976e+01
-3.386900438615707287e+01
-3.378916089186201077e+01
-3.370941611101091695e+01
-3.362977004012162041e+01
-3.355022267570007699e+01
-3.347077401424024856e+01
-3.339142405222409593e+01
-3.331217278612145094e+01
-3.323302021239005910e+01
-3.315396632747548722e+01
-3.307501112781104524e+01
-3.299615460981772941e+01
-3.291739676990422225e+01
-3.283873760446678602e+01
-3.276017710988922715e+01
-3.268171528254282521e+01
-3.260335211878629735e+01
-3.252508761496573442e+01
-3.244692176741454404e+01
-3.236885457245336539e+01
-3.229088602639006211e+01
-3.221301612551964411e+01
-3.213524486612419651e+01
-3.205757224447281573e+01
-3.197999825682157748e+01
-3.190252289941347996e+01
-3.182514616847835143e+01
-3.174786806023279340e+01
-3.167068857088017353e+01
-3.159360769661050128e+01
-3.151662543360041013e+01
-3.143974177801305103e+01
-3.136295672599809592e+01
-3.128627027369161340e+01
-3.120968241721605452e+01
-3.113319315268013909e+01
-3.105680247617885215e+01
-3.098051038379334443e+01
-3.090431687159085783e+01
-3.082822193562469693e+01
-3.075222557193415085e+01
-3.067632777654442577e+01
-3.060052854546654544e+01
-3.052482787469736536e+01
-3.044922576021943783e+01
-3.037372219800098705e+01
-3.029831718399579898e+01
-3.022301071414320006e+01
-3.014780278436796834e+01
-3.007269339058028024e+01
-2.999768252867560037e+01
-2.992277019453467446e+01
-2.984795638402341922e+01
-2.977324109299287258e+01
-2.969862431727908714e+01
-2.962410605270313013e+01
-2.954968629507094846e+01
-2.947536504017333314e+01
-2.940114228378582339e+01
-2.932701802166865335e+01
-2.925299224956669519e+01
-2.917906496320935616e+01
-2.910523615831049327e+01
-2.903150583056839551e+01
-2.895787397566567734e+01
-2.888434058926920756e+01
-2.881090566702999922e+01
-2.873756920458321673e+01
-2.866433119754803016e+01
-2.859119164152757619e+01
-2.851815053210884443e+01
-2.844520786486265251e+01
-2.837236363534352890e+01
-2.829961783908967021e+01
-2.822697047162279915e+01
-2.815442152844816448e+01
-2.808197100505442734e+01
-2.800961889691357243e+01
-2.793736519948082631e+01
-2.786520990819460764e+01
-2.779315301847642417e+01
-2.772119452573080522e+01
-2.764933442534517738e+01
-2.757757271268984667e+01
-2.750590938311788136e+01
-2.743434443196503381e+01
-2.736287785454963384e+01
-2.729150964617254971e+01
-2.722023980211709215e+01
-2.714906831764887585e+01
-2.707799518801581939e+01
-2.700702040844799967e+01
-2.693614397415759498e+01
-2.686536588033875361e+01
-2.679468612216757606e+01
-2.672410469480197293e+01
-2.665362159338160808e+01
-2.658323681302776009e+01
-2.651295034884329738e+01
-2.644276219591256805e+01
-2.637267234930127913e+01
-2.630268080405642195e+01
-2.623278755520620820e+01
-2.616299259775993491e+01
-2.609329592670793474e+01
-2.602369753702142674e+01
-2.595419742365248439e+01
-2.588479558153389704e+01
-2.581549200557910950e+01
-2.574628669068207643e+01
-2.567717963171721962e+01
-2.560817082353931440e+01
-2.553926026098338298e+01
-2.547044793886457725e+01
-2.540173385197813261e+01
-2.533311799509923645e+01
-2.526460036298293943e+01
-2.519618095036401328e+01
-2.512785975195693311e+01
-2.505963676245569616e+01
-2.499151197653377565e+01
-2.492348538884396802e+01
-2.485555699401833962e+01
-2.478772678666809526e+01
-2.471999476138348228e+01
-2.465236091273366981e+01
-2.458482523526665986e+01
-2.451738772350918794e+01
-2.445004837196660219e+01
-2.438280717512273910e+01
-2.431566412743984884e+01
-2.424861922335848163e+01
-2.418167245729735981e+01
-2.411482382365326416e+01
-2.404807331680095572e+01
-2.398142093109303374e+01
-2.391486666085984325e+01
-2.384841050040932942e+01
-2.378205244402697005e+01
-2.371579248597562639e+01
-2.364963062049546139e+01
-2.358356684180376206e+01
-2.351760114409489333e+01
-2.345173352154015944e+01
-2.338596396828763702e+01
-2.332029247846213238e+01
-2.325471904616503949e+01
-2.318924366547415516e+01
-2.312386633044365425e+01
-2.305858703510390484e+01
-2.299340577346139014e+01
-2.292832253949852017e+01
-2.286333732717357847e+01
-2.279845013042055868e+01
-2.273366094314905794e+01
-2.266896975924411706e+01
-2.260437657256613875e+01
-2.253988137695073490e+01
-2.247548416620860579e+01
-2.241118493412538726e+01
-2.234698367446155487e+01
-2.228288038095227819e+01
-2.221887504730730001e+01
-2.215496766721076227e+01
-2.209115823432112791e+01
-2.202744674227101385e+01
-2.196383318466707379e+01
-2.190031755508983480e+01
-2.183689984709358711e+01
-2.177358005420623854e+01
-2.171035816992919010e+01
-2.164723418773714059e+01
-2.158420810107802978e+01
-2.152127990337282881e+01
-2.145844958801545133e+01
-2.139571714837253680e+01
-2.133308257778340078e+01
-2.127054586955982174e+01
-2.120810701698591672e+01
-2.114576601331799210e+01
-2.108352285178439800e+01
-2.102137752558539319e+01
-2.095933002789297461e+01
-2.089738035185072107e+01
-2.083552849057367595e+01
-2.077377443714816962e+01
-2.071211818463165599e+01
-2.065055972605259527e+01
-2.058909905441026211e+01
-2.052773616267462842e+01
-2.046647104378613591e+01
-2.040530369065562155e+01
-2.034423409616411149e+01
-2.028326225316267895e+01
-2.022238815447224525e+01
-2.016161179288347327e+01
-2.010093316115656847e+01
-2.004035225202112258e+01
-1.997986905817594305e+01
-1.991948357228890032e+01
-1.985919578699674304e+01
-1.979900569490495243e+01
-1.973891328858753269e+01
-1.967891856058688660e+01
-1.961902150341362017e+01
-1.955922210954636498e+01
-1.949952037143160055e+01
-1.943991628148350870e+01
-1.938040983208376034e+01
-1.932100101558137339e+01
-1.926168982429248189e+01
-1.920247625050021867e+01
-1.914336028645449161e+01
-1.908434192437182375e+01
-1.902542115643513299e+01
-1.896659797479360066e+01
-1.890787237156244416e+01
-1.884924433882275707e+01
-1.879071386862128890e+01
-1.873228095297028162e+01
-1.867394558384727787e+01
-1.861570775319490778e+01
-1.855756745292072907e+01
-1.849952467489698549e+01
-1.844157941096046471e+01
-1.838373165291224609e+01
-1.832598139251755498e+01
-1.826832862150551762e+01
-1.821077333156899769e+01
-1.815331551436435120e+01
-1.809595516151127015e+01
-1.803869226459253383e+01
-1.798152681515383478e+01
-1.792445880470354425e+01
-1.786748822471253817e+01
-1.781061506661393423e+01
-1.775383932180292490e+01
-1.769716098163655005e+01
-1.764058003743346248e+01
-1.758409648047375029e+01
-1.752771030199867397e+01
-1.747142149321048876e+01
-1.741523004527218177e+01
-1.735913594930729431e+01
-1.730313919639965548e+01
-1.724723977759318672e+01
-1.719143768389165317e+01
-1.713573290625845758e+01
-1.708012543561638807e+01
-1.702461526284740501e+01
-1.696920237879238158e+01
-1.691388677425091203e+01
-1.685866843998102382e+01
-1.680354736669897875e+01
-1.674852354507901353e+01
-1.669359696575310537e+01
-1.663876761931072323e+01
-1.658403549629859697e+01
-1.652940058722044725e+01
-1.647486288253676534e+01
-1.642042237266453597e+01
-1.636607904797700996e+01
-1.631183289880343068e+01
-1.625768391542879598e+01
-1.620363208809358824e+01
-1.614967740699352916e+01
-1.609581986227929562e+01
-1.604205944405629936e+01
-1.598839614238436724e+01
-1.593482994727753344e+01
-1.588136084870372144e+01
-1.582798883658452027e+01
-1.577471390079486646e+01
-1.572153603116281495e+01
-1.566845521746922820e+01
-1.561547144944753107e+01
-1.556258471678339816e+01
-1.550979500911450693e+01
-1.545710231603022500e+01
-1.540450662707135443e+01
-1.535200793172981371e+01
-1.529960621944837484e+01
-1.524730147962035964e+01
-1.519509370158935546e+01
-1.514298287464890613e+01
-1.509096898804223130e+01
-1.503905203096191556e+01
-1.498723199254961536e+01
-1.493550886189575166e+01
-1.488388262803920092e+01
-1.483235327996700548e+01
-1.478092080661403251e+01
-1.472958519686269696e+01
-1.467834643954261686e+01
-1.462720452343032562e+01
-1.457615943724892560e+01
-1.452521116966779147e+01
-1.447435970930223093e+01
-1.442360504471316851e+01
-1.437294716440680986e+01
-1.432238605683432731e+01
-1.427192171039150104e+01
-1.422155411341842068e+01
-1.417128325419910873e+01
-1.412110912096121851e+01
-1.407103170187565766e+01
-1.402105098505627723e+01
-1.397116695855949331e+01
-1.392137961038396554e+01
-1.387168892847022761e+01
-1.382209490070034086e+01
-1.377259751489752837e+01
-1.372319675882583567e+01
-1.367389262018974350e+01
-1.362468508663382671e+01
-1.357557414574236176e+01
-1.352655978503898915e+01
-1.347764199198630664e+01
-1.342882075398552821e+01
-1.338009605837606841e+01
-1.333146789243520658e+01
-1.328293624337765877e+01
-1.323450109835522603e+01
-1.318616244445638230e+01
-1.313792026870590135e+01
-1.308977455806444823e+01
-1.304172529942819203e+01
-1.299377247962839377e+01
-1.294591608543102090e+01
-1.289815610353632103e+01
-1.285049252057842928e+01
-1.280292532312494558e+01
-1.275545449767653139e+01
-1.270808003066647096e+01
-1.266080190846028408e+01
-1.261362011735526067e+01
-1.256653464358006822e+01
-1.251954547329429701e+01
-1.247265259258805337e+01
-1.242585598748149245e+01
-1.237915564392439371e+01
-1.233255154779572749e+01
-1.228604368490318421e+01
-1.223963204098275526e+01
-1.219331660169824261e+01
-1.214709735264084678e+01
-1.210097427932866232e+01
-1.205494736720625149e+01
-1.200901660164414864e+01
-1.196318196793841970e+01
-1.191744345131016125e+01
-1.187180103690504396e+01
-1.182625470979281346e+01
-1.178080445496682671e+01
-1.173545025734354574e+01
-1.169019210176206691e+01
-1.164502997298360043e+01
-1.159996385569099608e+01
-1.155499373448822276e+01
-1.151011959389987815e+01
-1.146534141837065945e+01
-1.142065919226487836e+01
-1.137607289986591041e+01
-1.133158252537570121e+01
-1.128718805291422278e+01
-1.124288946651895849e+01
-1.119868675014435766e+01
-1.115457988766130981e+01
-1.111056886285658685e+01
-1.106665365943232970e+01
-1.102283426100545682e+01
-1.097911065110714723e+01
-1.093548281318226323e+01
-1.089195073058879437e+01
-1.084851438659728728e+01
-1.080517376439029320e+01
-1.076192884706175690e+01
-1.071877961761648557e+01
-1.067572605896952176e+01
-1.063276815394558561e+01
-1.058990588527846732e+01
-1.054713923561043920e+01
-1.050446818749164102e+01
-1.046189272337950271e+01
-1.041941282563809601e+01
-1.037702847653755356e+01
-1.033473965825342411e+01
-1.029254635286607211e+01
-1.025044854236002756e+01
-1.020844620862336072e+01
-1.016653933344704974e+01
-1.012472789852432697e+01
-1.008301188545003768e+01
-1.004139127571998102e+01
-9.999866050730261691e+00
-9.958436191776609547e+00
-9.917101680053738377e+00
-9.875862496654637113e+00
-9.834718622569925017e+00
-9.793670038687142920e+00
-9.752716725790087082e+00
-9.711858664558087995e+00
-9.671095835565335364e+00
-9.630428219280156910e+00
-9.589855796064322035e+00
-9.549378546172304638e+00
-9.508996449750592106e+00
-9.468709486836925038e+00
-9.428517637359595582e+00
-9.388420881136681828e+00
-9.348419197875330156e+00
-9.308512567170984298e+00
-9.268700968506637494e+00
-9.228984381252079316e+00
-9.189362784663114070e+00
-9.149836157880802290e+00
-9.110404479930668487e+00
-9.071067729721930206e+00
-9.031825886046689789e+00
-8.992678927579158099e+00
-8.953626832874828523e+00
-8.914669580369690038e+00
-8.875807148379388778e+00
-8.837039515098430442e+00
-8.798366658599325874e+00
-8.759788556831779260e+00
-8.721305187621824828e+00
-8.682916528671007939e+00
-8.644622557555489806e+00
-8.606423251725233925e+00
-8.568318588503089472e+00
-8.530308545083961747e+00
-8.492393098533893792e+00
-8.454572225789204865e+00
-8.416845903655573835e+00
-8.379214108807158112e+00
-8.341676817785662834e+00
-8.304234006999442030e+00
-8.266885652722560707e+00
-8.229631731093881797e+00
-8.192472218116105154e+00
-8.155407089654843844e+00
-8.118436321437652481e+00
-8.081559889053085755e+00
-8.044777767949710778e+00
-8.008089933435153185e+00
-7.971496360675090820e+00
-7.934997024692286516e+00
-7.898591900365565799e+00
-7.862280962428833675e+00
-7.826064185470040790e+00
-7.789941543930175349e+00
-7.753913012102223945e+00
-7.717978564130137720e+00
-7.682138174007781650e+00
-7.646391815577890938e+00
-7.610739462530987431e+00
-7.575181088404333352e+00
-7.539716666580827287e+00
-7.504346170287935713e+00
-7.469069572596582773e+00
-7.433886846420053374e+00
-7.398797964512868752e+00
-7.363802899469681584e+00
-7.328901623724119574e+00
-7.294094109547660132e+00
-7.259380329048490843e+00
-7.224760254170321083e+00
-7.190233856691243375e+00
-7.155801108222533458e+00
-7.121461980207484110e+00
-7.087216443920189235e+00
-7.053064470464359914e+00
-7.019006030772087179e+00
-6.985041095602638528e+00
-6.951169635541207370e+00
-6.917391620997682011e+00
-6.883707022205378223e+00
-6.850115809219796681e+00
-6.816617951917324447e+00
-6.783213419993971094e+00
-6.749902182964062192e+00
-6.716684210158948787e+00
-6.683559470725678686e+00
-6.650527933625681953e+00
-6.617589567633433312e+00
-6.584744341335101225e+00
-6.551992223127204973e+00
-6.519333181215232642e+00
-6.486767183612275112e+00
-6.454294198137628058e+00
-6.421914192415403733e+00
-6.389627133873104547e+00
-6.357432989740222418e+00
-6.325331727046781261e+00
-6.293323312621918575e+00
-6.261407713092407512e+00
-6.229584894881206480e+00
-6.197854824205964341e+00
-6.166217467077551362e+00
-6.134672789298532436e+00
-6.103220756461676721e+00
-6.071861333948410433e+00
-6.040594486927297169e+00
-6.009420180352478269e+00
-5.978338378962109623e+00
-5.947349047276791367e+00
-5.916452149597981602e+00
-5.885647650006392340e+00
-5.854935512360379235e+00
-5.824315700294323328e+00
-5.793788177216981694e+00
-5.763352906309846091e+00
-5.733009850525478512e+00
-5.702758972585831643e+00
-5.672600234980563094e+00
-5.642533599965328328e+00
-5.612559029560069135e+00
-5.582676485547280798e+00
-5.552885929470270376e+00
-5.523187322631399887e+00
-5.493580626090316166e+00
-5.464065800662163852e+00
-5.434642806915792157e+00
-5.405311605171934985e+00
-5.376072155501394612e+00
-5.346924417723189826e+00
-5.317868351402708527e+00
-5.288903915849834547e+00
-5.260031070117065610e+00
-5.231249772997612624e+00
-5.202559983023486545e+00
-5.173961658463570146e+00
-5.145454757321674677e+00
-5.117039237334579660e+00
-5.088715055970061130e+00
-5.060482170424904780e+00
-5.032340537622892462e+00
-5.004290114212793128e+00
-4.976330856566320016e+00
-4.948462720776083401e+00
-4.920685662653520254e+00
-4.892999637726811457e+00
-4.865404601238786597e+00
-4.837900508144802991e+00
-4.810487313110620278e+00
-4.783164970510245695e+00
-4.755933434423774919e+00
-4.728792658635208923e+00
-4.701742596630260174e+00
-4.674783201594128634e+00
-4.647914426409281319e+00
-4.621136223653197206e+00
-4.594448545596106825e+00
-4.567851344198702535e+00
-4.541344571109846129e+00
-4.514928177664246256e+00
-4.488602114880125171e+00
-4.462366333456865952e+00
-4.436220783772641951e+00
-4.410165415882030260e+00
-4.384200179513602080e+00
-4.358325024067502440e+00
-4.332539898613000595e+00
-4.306844751886039546e+00
-4.281239532286749139e+00
-4.255724187876949394e+00
-4.230298666377636074e+00
-4.204962915166444937e+00
-4.179716881275099105e+00
-4.154560511386831578e+00
-4.129493751833797965e+00
-4.104516548594467018e+00
-4.079628847290981852e+00
-4.054830593186519394e+00
-4.030121731182617850e+00
-4.005502205816488193e+00
-3.980971961258306102e+00
-3.956530941308481264e+00
-3.932179089394916893e+00
-3.907916348570231957e+00
-3.883742661508982064e+00
-3.859657970504847935e+00
-3.835662217467806112e+00
-3.811755343921282790e+00
-3.787937290999283224e+00
-3.764207999443502484e+00
-3.740567409600418891e+00
-3.717015461418356370e+00
-3.693552094444539691e+00
-3.670177247822116851e+00
-3.646890860287170799e+00
-3.623692870165700519e+00
-3.600583215370587453e+00
-3.577561833398539726e+00
-3.554628661327012384e+00
-3.531783635811108546e+00
-3.509026693080459225e+00
-3.486357768936081403e+00
-3.463776798747210339e+00
-3.441283717448118118e+00
-3.418878459534906433e+00
-3.396560959062273621e+00
-3.374331149640267480e+00
-3.352188964431008333e+00
-3.330134336145399665e+00
-3.308167197039804108e+00
-3.286287478912711446e+00
-3.264495113101369306e+00
-3.242790030478408525e+00
-3.221172161448428106e+00
-3.199641435944576173e+00
-3.178197783425090517e+00
-3.156841132869832478e+00
-3.135571412776788414e+00
-3.114388551158552509e+00
-3.093292475538784725e+00
-3.072283112948651418e+00
-3.051360389923234884e+00
-3.030524232497931347e+00
-3.009774566204812984e+00
-2.989111316068981505e+00
-2.968534406604885767e+00
-2.948043761812629171e+00
-2.927639305174242867e+00
-2.907320959649945191e+00
-2.887088647674372677e+00
-2.866942291152794642e+00
-2.846881811457294020e+00
-2.826907129422941090e+00
-2.807018165343929006e+00
-2.787214838969699571e+00
-2.767497069501037910e+00
-2.747864775586145836e+00
-2.728317875316700558e+00
-2.708856286223878307e+00
-2.689479925274365524e+00
-2.670188708866343408e+00
-2.650982552825452920e+00
-2.631861372400732701e+00
-2.612825082260540110e+00
-2.593873596488446953e+00
-2.575006828579117002e+00
-2.556224691434153762e+00
-2.537527097357936245e+00
-2.518913958053428548e+00
-2.500385184617962331e+00
-2.481940687539011314e+00
-2.463580376689931573e+00
-2.445304161325682291e+00
-2.427111950078537195e+00
-2.409003650953762232e+00
-2.390979171325271491e+00
-2.373038417931278676e+00
-2.355181296869908625e+00
-2.337407713594799930e+00
-2.319717572910684478e+00
-2.302110778968953664e+00
-2.284587235263182858e+00
-2.267146844624672752e+00
-2.249789509217932082e+00
-2.232515130536174119e+00
-2.215323609396771865e+00
-2.198214845936708794e+00
-2.181188739608002525e+00
-2.164245189173112038e+00
-2.147384092700335589e+00
-2.130605347559178853e+00
-2.113908850415711083e+00
-2.097294497227909282e+00
-2.080762183240980168e+00
-2.064311802982662147e+00
-2.047943250258523751e+00
-2.031656418147235854e+00
-2.015451198995832360e+00
-1.999327484414954226e+00
-1.983285165274087491e+00
-1.967324131696771783e+00
-1.951444273055812584e+00
-1.935645477968466643e+00
-1.919927634291622720e+00
-1.904290629116966782e+00
-1.888734348766136550e+00
-1.873258678785864717e+00
-1.857863503943109285e+00
-1.842548708220179021e+00
-1.827314174809842040e+00
-1.812159786110432824e+00
-1.797085423720940156e+00
-1.782090968436101708e+00
-1.767176300241475984e+00
-1.752341298308517592e+00
-1.737585840989642083e+00
-1.722909805813285011e+00
-1.708313069478959001e+00
-1.693795507852302595e+00
-1.679356995960127774e+00
-1.664997407985463695e+00
-1.650716617262598884e+00
-1.636514496272122754e+00
-1.622390916635962022e+00
-1.608345749112424228e+00
-1.594378863591233042e+00
-1.580490129088576445e+00
-1.566679413742146920e+00
-1.552946584806189412e+00
-1.539291508646556172e+00
-1.525714050735759830e+00
-1.512214075648039779e+00
-1.498791447054429016e+00
-1.485446027717834960e+00
-1.472177679488122282e+00
-1.458986263297211483e+00
-1.445871639154185262e+00
-1.432833666140407081e+00
-1.419872202404653061e+00
-1.406987105158256535e+00
-1.394178230670270136e+00
-1.381445434262640770e+00
-1.368788570305404795e+00
-1.356207492211899845e+00
-1.343702052433997762e+00
-1.331272102457354833e+00
-1.318917492796690016e+00
-1.306638072991080479e+00
-1.294433691599286007e+00
-1.282304196195097390e+00
-1.270249433362710567e+00
-1.258269248692133413e+00
-1.246363486774618945e+00
-1.234531991198130507e+00
-1.222774604542841148e+00
-1.211091168376666305e+00
-1.199481523250830239e+00
-1.187945508695474217e+00
-1.176482963215298883e+00
-1.165093724285249044e+00
-1.153777628346238648e+00
-1.142534510800923719e+00
-1.131364206009513262e+00
-1.120266547285632575e+00
-1.109241366892231850e+00
-1.098288496037547191e+00
-1.087407764871110460e+00
-1.076599002479815548e+00
-1.065862036884038355e+00
-1.055196695033813858e+00
-1.044602802805072228e+00
-1.034080184995937568e+00
-1.023628665323085052e+00
-1.013248066418167781e+00
-1.002938209824307370e+00
-9.926989159926513651e-01
-9.825300042790056088e-01
-9.724312929405348749e-01
-9.624025991325405593e-01
-9.524437389053139746e-01
-9.425545272010676934e-01
-9.327347778509486043e-01
-9.229843035721344569e-01
-9.133029159650130069e-01
-9.036904255104512007e-01
-8.941466415671520673e-01
-8.846713723691027598e-01
-8.752644250231189638e-01
-8.659256055064831203e-01
-8.566547186646820133e-01
-8.474515682092447211e-01
-8.383159567156843739e-01
-8.292476856215456049e-01
-8.202465552245580271e-01
-8.113123646809021761e-01
-8.024449120035873628e-01
-7.936439940609437693e-01
-7.849094065752332261e-01
-7.762409441213802275e-01
-7.676384001258242940e-01
-7.591015668654981230e-01
-7.506302354669336374e-01
-7.422241959054981519e-01
-7.338832370047621012e-01
-7.256071464360032142e-01
-7.173957107178488002e-01
-7.092487152160567021e-01
-7.011659441434415774e-01
-6.931471805599452862e-01
-6.931471805599452862e-01
-6.851922063728558276e-01
-6.773008023371775987e-01
-6.694727480561553090e-01
-6.617078219819536589e-01
-6.540058014164963351e-01
-6.463664625124653229e-01
-6.387895802744675278e-01
-6.312749285603637128e-01
-6.238222800827715187e-01
-6.164314064107372371e-01
-6.091020779715844435e-01
-6.018340640529398211e-01
-5.946271328049382854e-01
-5.874810512426117404e-01
-5.803955852484632416e-01
-5.733704995752295641e-01
-5.664055578488335074e-01
-5.595005225715307118e-01
-5.526551551252515404e-01
-5.458692157751421359e-01
-5.391424636733064268e-01
-5.324746568627514165e-01
-5.258655522815395278e-01
-5.193149057671487823e-01
-5.128224720610443654e-01
-5.063880048134649092e-01
-5.000112565884229365e-01
-4.936919788689255739e-01
-4.874299220624157547e-01
-4.812248355064354666e-01
-4.750764674745161509e-01
-4.689845651822965311e-01
-4.629488747938695914e-01
-4.569691414283627573e-01
-4.510451091667520007e-01
-4.451765210589129773e-01
-4.393631191309098627e-01
-4.336046443925263283e-01
-4.279008368450363808e-01
-4.222514354892228927e-01
-4.166561783336402702e-01
-4.111148024031253123e-01
-4.056270437475596458e-01
-4.001926374508809614e-01
-3.948113176403497682e-01
-3.894828174960696665e-01
-3.842068692607635838e-01
-3.789832042498083031e-01
-3.738115528615269523e-01
-3.686916445877427284e-01
-3.636232080245920262e-01
-3.586059708836016879e-01
-3.536396600030293769e-01
-3.487240013594667953e-01
-3.438587200797096344e-01
-3.390435404528923113e-01
-3.342781859428902713e-01
-3.295623792009867992e-01
-3.248958420788115031e-01
-3.202782956415423654e-01
-3.157094601813780210e-01
-3.111890552312787661e-01
-3.067167995789741308e-01
-3.022924112812395148e-01
-2.979156076784411633e-01
-2.935861054093479861e-01
-2.893036204262116606e-01
-2.850678680101125240e-01
-2.808785627865721946e-01
-2.767354187414307054e-01
-2.726381492369900350e-01
-2.685864670284182076e-01
-2.645800842804181263e-01
-2.606187125841557539e-01
-2.567020629744489746e-01
-2.528298459472136939e-01
-2.490017714771664281e-01
-2.452175490357821064e-01
-2.414768876095031713e-01
-2.377794957182008673e-01
-2.341250814338822206e-01
-2.305133523996461820e-01
-2.269440158488799097e-01
-2.234167786246975262e-01
-2.199313471996174052e-01
-2.164874276954714682e-01
-2.130847259035495433e-01
-2.097229473049707082e-01
-2.064017970912790656e-01
-2.031209801852631724e-01
-1.998802012619909085e-01
-1.966791647700607548e-01
-1.935175749530613498e-01
-1.903951358712379638e-01
-1.873115514233599510e-01
-1.842665253687856552e-01
-1.812597613497199944e-01
-1.782909629136593122e-01
-1.753598335360202209e-01
-1.724660766429444714e-01
-1.696093956342780151e-01
-1.667894939067175453e-01
-1.640060748771173249e-01
-1.612588420059531957e-01
-1.585474988209375213e-01
-1.558717489407774326e-01
-1.532312960990729611e-01
-1.506258441683451799e-01
-1.480550971841933516e-01
-1.455187593695686232e-01
-1.430165351591625167e-01
-1.405481292239008084e-01
-1.381132464955364958e-01
-1.357115921913356893e-01
-1.333428718388486034e-01
-1.310067913007579576e-01
-1.287030567997983765e-01
-1.264313749437397938e-01
-1.241914527504252574e-01
-1.219829976728573628e-01
-1.198057176243252642e-01
-1.176593210035633830e-01
-1.155435167199348884e-01
-1.134580142186322749e-01
-1.114025235058845320e-01
-1.093767551741662569e-01
-1.073804204273970803e-01
-1.054132311061251326e-01
-1.034748997126863357e-01
-1.015651394363279586e-01
-9.968366417829276072e-02
-9.783018857685045477e-02
-9.600442803227104971e-02
-9.420609873172966497e-02
-9.243491767413486437e-02
-9.069060269487123904e-02
-8.897287249044864843e-02
-8.728144664304737788e-02
-8.561604564495114977e-02
-8.397639092286099394e-02
-8.236220486207886105e-02
-8.077321083055176432e-02
-7.920913320277038483e-02
-7.766969738351128805e-02
-7.615462983141367548e-02
-7.466365808238394075e-02
-7.319651077281637275e-02
-7.175291766262460735e-02
-7.033260965807282272e-02
-6.893531883439894814e-02
-6.756077845822107408e-02
-6.620872300971918090e-02
-6.487888820458351247e-02
-6.357101101572136537e-02
-6.228482969471266228e-02
-6.102008379300970231e-02
-5.977651418286923646e-02
-5.855386307801049156e-02
-5.735187405399296001e-02
-5.617029206830242982e-02
-5.500886348014237537e-02
-5.386733606991862128e-02
-5.274545905841372673e-02
-5.164298312564170185e-02
-5.055966042937647120e-02
-4.949524462334819325e-02
-4.844949087509936581e-02
-4.742215588349413258e-02
-4.641299789587680774e-02
-4.542177672486955725e-02
-4.444825376480606577e-02
-4.349219200779495115e-02
-4.255335605940568228e-02
-4.163151215397314225e-02
-4.072642816951498740e-02
-3.983787364225652161e-02
-3.896561978075849947e-02
-3.810943947964232775e-02
-3.726910733291002170e-02
-3.644439964685251138e-02
-3.563509445254354341e-02
-3.484097151791517438e-02
-3.406181235941094926e-02
-3.329740025321342028e-02
-3.254752024604360555e-02
-3.181195916552759934e-02
-3.109050563013042445e-02
-3.038295005865182530e-02
-2.968908467928411607e-02
-2.900870353822813247e-02
-2.834160250786754015e-02
-2.768757929449787089e-02
-2.704643344561138280e-02
-2.641796635673410512e-02
-2.580198127781663589e-02
-2.519828331917723860e-02
-2.460667945699595779e-02
-2.402697853836175540e-02
-2.345899128587096427e-02
-2.290253030177854046e-02
-2.235741007170283234e-02
-2.182344696788390132e-02
-2.130045925199750001e-02
-2.078826707752525968e-02
-2.028669249168415026e-02
-1.979555943691430411e-02
-1.931469375193077889e-02
-1.884392317233883618e-02
-1.838307733081604931e-02
-1.793198775686464380e-02
-1.749048787613647141e-02
-1.705841300933337926e-02
-1.663560037068705089e-02
-1.622188906602201747e-02
-1.581712009040452463e-02
-1.542113632538253017e-02
-1.503378253582032115e-02
-1.465490536633212021e-02
-1.428435333731991816e-02
-1.392197684061863804e-02
-1.356762813475608301e-02
-1.322116133982967519e-02
-1.288243243200880989e-02
-1.255129923766440565e-02
-1.222762142713455444e-02
-1.191126050812925385e-02
-1.160207981878299578e-02
-1.129994452035817595e-02
-1.100472158960755925e-02
-1.071627981080110724e-02
-1.043448976742456652e-02
-1.015922383355470811e-02
-9.890356164918869680e-03
-9.627762689646495939e-03
-9.371321098716897668e-03
-9.120910836112359338e-03
-8.876413088683273930e-03
-8.637710775731071225e-03
-8.404688538318194277e-03
-8.177232728309896323e-03
-7.955231397157360926e-03
-7.738574284428388628e-03
-7.527152806093190089e-03
-7.320860042572352108e-03
-7.119590726555678761e-03
-6.923241230598019096e-03
-6.731709554500522538e-03
-6.544895312484374540e-03
-6.362699720164984377e-03
-6.185025581333960382e-03
-6.011777274556590403e-03
-5.842860739592475872e-03
-5.678183463646550681e-03
-5.517654467458457668e-03
-5.361184291238035166e-03
-5.208684980453206353e-03
-5.060070071479898235e-03
-4.915254577119364428e-03
-4.774154971991201139e-03
-4.636689177810419428e-03
-4.502776548553716340e-03
-4.372337855524430390e-03
-4.245295272322413375e-03
-4.121572359725275171e-03
-4.001094050490128749e-03
-3.883786634080604611e-03
-3.769577741327901927e-03
-3.658396329031419689e-03
-3.550172664507155341e-03
-3.444838310089063781e-03
-3.342326107591316996e-03
-3.242570162737306010e-03
-3.145505829562189170e-03
-3.051069694795017530e-03
-2.959199562226665428e-03
-2.869834437070787041e-03
-2.782914510322096694e-03
-2.698381143119277410e-03
-2.616176851118110457e-03
-2.536245288879634963e-03
-2.458531234280455190e-03
-2.382980572949394346e-03
-2.309540282737116389e-03
-2.238158418221982294e-03
-2.168784095260141778e-03
-2.101367475581961651e-03
-2.035859751441842884e-03
-1.972213130324788725e-03
-1.910380819715941760e-03
-1.850317011935480359e-03
-1.791976869045468429e-03
-1.735316507830750310e-03
-1.680292984860733228e-03
-1.626864281633291559e-03
-1.574989289806209575e-03
-1.524627796520200678e-03
-1.475740469815934762e-03
-1.428288844149570120e-03
-1.382235306009900249e-03
-1.337543079639953118e-03
-1.294176212867492043e-03
-1.252099563044922325e-03
-1.211278783104609682e-03
-1.171680307729887609e-03
-1.133271339645749607e-03
-1.096019836030830879e-03
-1.059894495054215097e-03
-1.024864742537989542e-03
-9.909007187488421981e-04
-9.579732653202700787e-04
-9.260539123071122661e-04
-8.951148653743941277e-04
-8.651289931226125232e-04
-8.360698145505246264e-04
-8.079114866566498984e-04
-7.806287921817298353e-04
-7.541971274929843393e-04
-7.285924906106997639e-04
-7.037914693796095593e-04
-6.797712297840010926e-04
-6.565095044102938057e-04
-6.339845810541933470e-04
-6.121752914765579093e-04
-5.910610003062499642e-04
-5.706215940912731351e-04
-5.508374704989639926e-04
-5.316895276644783121e-04
-5.131591536887224582e-04
-4.952282162857940800e-04
-4.778790525791273684e-04
-4.610944590474493044e-04
-4.448576816197849200e-04
-4.291524059189898545e-04
-4.139627476553088981e-04
-3.992732431662541787e-04
-3.850688401072237710e-04
-3.713348882868572841e-04
-3.580571306519133917e-04
-3.452216944171412959e-04
-3.328150823411846833e-04
-3.208241641484613064e-04
-3.092361680944188691e-04
-2.980386726748026683e-04
-2.872195984779164920e-04
-2.767672001783138408e-04
-2.666700586713689172e-04
-2.569170733480750706e-04
-2.474974545079856154e-04
-2.384007159108869633e-04
-2.296166674638054498e-04
-2.211354080448444033e-04
-2.129473184601371190e-04
-2.050430545344300538e-04
-1.974135403331519080e-04
-1.900499615151658229e-04
-1.829437588145193302e-04
-1.760866216497362663e-04
-1.694704818602005194e-04
-1.630875075666334635e-04
-1.569300971561154046e-04
-1.509908733883310206e-04
-1.452626776237222225e-04
-1.397385641689062900e-04
-1.344117947424950917e-04
-1.292758330543511804e-04
-1.243243395015362158e-04
-1.195511659768830971e-04
-1.149503507885694589e-04
-1.105161136907401688e-04
-1.062428510216758897e-04
-1.021251309500063474e-04
-9.815768882569417232e-05
-9.433542263440629664e-05
-9.065338855533589706e-05
-8.710679661832145437e-05
-8.369100646155260188e-05
-8.040152318538122645e-05
-7.723399330308813491e-05
-7.418420078568262904e-05
-7.124806319936901645e-05
-6.842162793431572445e-05
-6.570106852380909056e-05
-6.308268105021049325e-05
-6.056288063913375301e-05
-5.813819803682158575e-05
-5.580527627325112134e-05
-5.356086740506205889e-05
-5.140182934072915969e-05
-4.932512274351844663e-05
-4.732780801298599050e-05
-4.540704234133804420e-05
-4.356007684596866484e-05
-4.178425377316341110e-05
-4.007700377517523670e-05
-3.843584325688442511e-05
-3.685837179069742969e-05
-3.534226960045021521e-05
-3.388529510941964019e-05
-3.248528255498625604e-05
-3.114013966483141377e-05
-2.984784539654718397e-05
-2.860644773720849809e-05
-2.741406156267762629e-05
-2.626886655441287497e-05
-2.516910517366345481e-05
-2.411308069148959684e-05
-2.309915527204816930e-05
-2.212574810991519507e-05
-2.119133361910836342e-05
-2.029443967269422731e-05
-1.943364589164308889e-05
-1.860758198292715847e-05
-1.781492612441531868e-05
-1.705440339545040497e-05
-1.632478425310542798e-05
-1.562488305267201226e-05
-1.495355660993544022e-05
-1.430970280700973928e-05
-1.369225923684500357e-05
-1.310020188995721068e-05
-1.253254387838204489e-05
-1.198833419762770935e-05
-1.146665652684668641e-05
-1.096662806300563532e-05
-1.048739839227130873e-05
-1.002814839383682140e-05
-9.588089177852047133e-06
-9.166461056013398796e-06
-8.762532542924255304e-06
-8.375599389112951967e-06
-8.004983643042616422e-06
-7.650032743444035320e-06
-7.310118638417812299e-06
-6.984636933747376179e-06
-6.673006067313320435e-06
-6.374666508942126144e-06
-6.089079987020794023e-06
-5.815728738768040269e-06
-5.554114784605487267e-06
-5.303759226739286173e-06
-5.064201569065003656e-06
-4.834999059949571743e-06
-4.615726056446533945e-06
-4.405973408833895394e-06
-4.205347865807242394e-06
-4.013471498773424447e-06
-3.829981145577510735e-06
-3.654527872996549726e-06
-3.486776455890402354e-06
-3.326404875451859503e-06
-3.173103833225101109e-06
-3.026576281558391432e-06
-2.886536970601805771e-06
-2.752712010073425550e-06
-2.624838446126863266e-06
-2.502663852875867155e-06
-2.385945938242754437e-06
-2.274452162132129830e-06
-2.167959369705302874e-06
-2.066253435869490950e-06
-1.969128922869067674e-06
-1.876388749535451769e-06
-1.787843872861675358e-06
-1.703312979792101197e-06
-1.622622190559478983e-06
-1.545604772681074651e-06
-1.472100864503577622e-06
-1.401957209295917500e-06
-1.335026898668681142e-06
-1.271169124875981376e-06
-1.210248942998924961e-06
-1.152137040346094964e-06
-1.096709515735536431e-06
-1.043847665993667341e-06
-9.934377800041438185e-07
-9.453709415278887467e-07
-8.995428379076710710e-07
-8.558535767666281122e-07
-8.142075093684377325e-07
-7.745130600840004701e-07
-7.366825629638102355e-07
-7.006321038616803702e-07
-6.662813685538916200e-07
-6.335534972978369393e-07
-6.023749436096952658e-07
-5.726753398146370572e-07
-5.443873665939853950e-07
-5.174466284167018438e-07
-4.917915329678032064e-07
-4.673631755729021692e-07
-4.441052285078366168e-07
-4.219638337500896911e-07
-4.008875005042598585e-07
-3.808270065023720064e-07
-3.617353031900451992e-07
-3.435674250205549238e-07
-3.262804011914489869e-07
-3.098331724882479302e-07
-2.941865097935320747e-07
-2.793029370369695796e-07
-2.651466568099235418e-07
-2.516834787556569434e-07
-2.388807508461540974e-07
-2.267072937676002858e-07
-2.151333380814494508e-07
-2.041304626067649286e-07
-1.936715373545001530e-07
-1.837306671279364410e-07
-1.742831381207437498e-07
-1.653053666244847162e-07
-1.567748497345375825e-07
-1.486701182764810550e-07
-1.409706913978283098e-07
-1.336570334912426383e-07
-1.267105120059434503e-07
-1.201133583677477052e-07
-1.138486291211661111e-07
-1.079001698470656880e-07
-1.022525798574969183e-07
-9.689117855586279185e-08
-9.180197346242931124e-08
-8.697162923904279300e-08
-8.238743849020984527e-08
-7.803729300827137269e-08
-7.390965735004988284e-08
-6.999354263554540782e-08
-6.627848156788065718e-08
-6.275450522960646458e-08
-5.941212010105508852e-08
-5.624228629994149375e-08
-5.323639715323507468e-08
-5.038625876903360880e-08
-4.768407193990773243e-08
-4.512241304704661991e-08
-4.269421707382914997e-08
-4.039276139655281727e-08
-3.821164913107482373e-08
-3.614479481092286490e-08
-3.418640906620633901e-08
-3.233098552297469052e-08
-3.057328703644291827e-08
-2.890833325648555694e-08
-2.733138852619837647e-08
-2.583795044659461098e-08
-2.442373844130182631e-08
-2.308468398659392329e-08
-2.181691984222292515e-08
-2.061677094758580806e-08
-1.948074465175790740e-08
-1.840552294192822482e-08
-1.738795322854507474e-08
-1.642504068477434247e-08
-1.551394080800261192e-08
-1.465195220338515800e-08
-1.383650903432726659e-08
-1.306517547136721875e-08
-1.233563847572490195e-08
-1.164570247022977139e-08
-1.099328301104821018e-08
-1.037640201372328586e-08
-9.793181980013897480e-09
-9.241841557001674518e-09
-8.720690208019545469e-09
-8.228124326870349301e-09
-7.762622685911691679e-09
-7.322742328230105346e-09
-6.907114570837565900e-09
-6.514441674001895968e-09
-6.143492955465694289e-09
-5.793101792843749850e-09
-5.462161959886675150e-09
-5.149625072967603806e-09
-4.854497260412813100e-09
-4.575836831033091026e-09
-4.312751165499024147e-09
-4.064394717939327449e-09
-3.829966351405388375e-09
-3.608707117425039313e-09
-3.399898146578649511e-09
-3.202858650097538889e-09
-3.016943810440102211e-09
-2.841543226979461700e-09
-2.676078695557311908e-09
-2.520003098260806584e-09
-2.372798516043333265e-09
-2.233974452367599013e-09
-2.103067056049449078e-09
-1.979637233878666298e-09
-1.863269429373590249e-09
-1.753570623580348758e-09
-1.650169002805186583e-09
-1.552712737369100065e-09
-1.460869426496292971e-09
-1.374324210935001748e-09
-1.292779772957472368e-09
-1.215954893070001632e-09
-1.143583561834497208e-09
-1.075414424756947117e-09
-1.011210005131284097e-09
-9.507457520318777087e-10
-8.938094643691746247e-10
-8.402006766490783969e-10
-7.897299787908679489e-10
-7.422184377511141105e-10
-6.974970359442173080e-10
-6.554061387318142312e-10
-6.157949895342676388e-10
-5.785212311862824464e-10
-5.434504522244708110e-10
-5.104557568574389505e-10
-4.794173574288219874e-10
-4.502221882409645562e-10
-4.227635396614326462e-10
-3.969407114867284575e-10
-3.726586845870877936e-10
-3.498278099038221442e-10
-3.283635139156956035e-10
-3.081860197341109095e-10
-2.892200830277937211e-10
-2.713947420170194381e-10
-2.546430808146921303e-10
-2.389020054272380732e-10
-2.241120317621764480e-10
-2.102170850216208367e-10
-1.971643098917208049e-10
-1.849038909674638650e-10
-1.733888828801536170e-10
-1.625750496215713010e-10
-1.524207125841324849e-10
-1.428866068605438077e-10
-1.339357453693947677e-10
-1.255332903950465238e-10
-1.176464321509755424e-10
-1.102442739955634917e-10
-1.032977239481585999e-10
-9.677939217119619350e-11
-9.066349410120958139e-11
-8.492575892781896488e-11
-7.954334313518000274e-11
-7.449474883510120970e-11
-6.975974663494343310e-11
-6.531930279673047671e-11
-6.115551045645298788e-11
-5.725152468457990650e-11
-5.359150118015728762e-11
-5.016053840168284577e-11
-4.694462294824393720e-11
-4.393057801416279385e-11
-4.110601474965292904e-11
-3.845928636881674871e-11
-3.597944485465804385e-11
-3.365620011873557986e-11
-3.147988148060405918e-11
-2.944140133935521314e-11
-2.753222091634881455e-11
-2.574431795467150204e-11
-2.407015626696609995e-11
-2.250265702907433108e-11
-2.103517172243507095e-11
-1.966145663339457760e-11
-1.837564882252797729e-11
-1.717224348176499398e-11
-1.604607260155476673e-11
-1.499228487452154669e-11
-1.400632676605296601e-11
-1.308392468605299386e-11
-1.222106819967330598e-11
-1.141399421823996856e-11
-1.065917211480591794e-11
-9.953289711814653929e-12
-9.293240091243253332e-12
-8.676109180332880062e-12
-8.099164068598479455e-12
-7.559842014266090159e-12
-7.055740100602904040e-12
-6.584605504804551742e-12
-6.144326344179711485e-12
-5.732923066341580571e-12
-5.348540351974735736e-12
-4.989439500508315317e-12
-4.653991270688930106e-12
-4.340669149624429948e-12
-4.048043025356732459e-12
-3.774773239431960222e-12
-3.519604997265369699e-12
-3.281363115359344308e-12
-3.058947085620182320e-12
-2.851326438145276499e-12
-2.657536384913311246e-12
-2.476673727814423386e-12
-2.307893015405342550e-12
-2.150402933670364078e-12
-2.003462916914343540e-12
-1.866379965713528773e-12
-1.738505659603735078e-12
-1.619233352898199612e-12
-1.507995542698930604e-12
-1.404261398800725958e-12
-1.307534445785456948e-12
-1.217350388169730821e-12
-1.133275070001890373e-12
-1.054902560807748555e-12
-9.818533602590166874e-13
-9.137727143857120947e-13
-8.503290365763178662e-13
-7.912124270072650345e-13
-7.361332845189190184e-13
-6.848210053086760152e-13
-6.370227631456781072e-13
-5.925023661257649668e-13
-5.510391852816670718e-13
-5.124271506424108994e-13
-4.764738105990734887e-13
-4.429994506816241546e-13
-4.118362680851266800e-13
-3.828275985031180030e-13
-3.558271920332045667e-13
-3.306985351145903006e-13
-3.073142156409030221e-13
-2.855553285642312655e-13
-2.653109194689891676e-13
-2.464774637471282292e-13
-2.289583791502853090e-13
-2.126635696297934342e-13
-1.975089985030445578e-13
-1.834162891045017753e-13
-1.703123511924644614e-13
-1.581290314886783360e-13
-1.468027868276406068e-13
-1.362743784861936216e-13
-1.264885863521364906e-13
-1.173939416734189081e-13
-1.089424772073879755e-13
-1.010894936626915377e-13
-9.379334139525784300e-14
-8.701521638432151670e-14
-8.071896957520420050e-14
-7.487092873253896046e-14
-6.943973200119744315e-14
-6.439617242243008295e-14
-5.971305269997508597e-14
-5.536504955519890092e-14
-5.132858705196331173e-14
-4.758171831095002748e-14
-4.410401506986091517e-14
-4.087646458029061711e-14
-3.788137336436934028e-14
-3.510227738453605768e-14
-3.252385820823117924e-14
-3.013186477593562022e-14
-2.791304040597890262e-14
-2.585505469297212997e-14
-2.394643997869715388e-14
-2.217653209489124476e-14
-2.053541509666785982e-14
-1.901386972342695368e-14
-1.760332534106586120e-14
-1.629581513520576716e-14
-1.508393434003730893e-14
-1.396080130135159852e-14
-1.292002118538905381e-14
-1.195565215738950517e-14
-1.106217386518762716e-14
-1.023445807394070713e-14
-9.467741308128748622e-15
-8.757599366379874973e-15
-8.099923583484238708e-15
-7.490898722208852083e-15
-6.926982385242699334e-15
-6.404885844825028077e-15
-5.921556194366289713e-15
-5.474159732694779461e-15
-5.060066497474805796e-15
-4.676835869875205004e-15
-4.322203177738150525e-15
-3.994067229337451839e-15
-3.690478714337420147e-15
-3.409629412792431779e-15
-3.149842156979309922e-15
-2.909561494549597516e-15
-2.687345004941118521e-15
-2.481855224215075248e-15
-2.291852136498113485e-15
-2.116186193026705144e-15
-1.953791822420243608e-15
-1.803681398267786781e-15
-1.664939632406645470e-15
-1.536718364414971631e-15
-1.418231719840364390e-15
-1.308751611554844374e-15
-1.207603560369511411e-15
-1.114162812670036632e-15
-1.027850734352440445e-15
-9.481314617562142312e-16
-8.745087916135409330e-16
-8.065232932675426663e-16
-7.437496275627574094e-16
-6.857940578846714604e-16
-6.322921398257151603e-16
-5.829065768889085690e-16
-5.373252305102800679e-16
-4.952592734927668732e-16
-4.564414767003949156e-16
-4.206246195667533761e-16
-3.875800156283857180e-16
-3.570961449062279843e-16
-3.289773855284301137e-16
-3.030428375194468232e-16
-2.791252321751746718e-16
-2.570699209050644245e-16
-2.367339378515764064e-16
-2.179851309971172826e-16
-2.007013568409902239e-16
-1.847697340754610501e-16
-1.700859520127561007e-16
-1.565536298150982386e-16
-1.440837228594158867e-16
-1.325939728284492150e-16
-1.220083983619925287e-16
-1.122568233272109384e-16
-1.032744399763231304e-16
-9.500140445487056090e-17
-8.738246230490910443e-17
-8.036660177598525607e-17
-7.390673291339295403e-17
-6.795939053890418688e-17
-6.248445937452545568e-17
-5.744491968572648468e-17
-5.280661193751465837e-17
-4.853801906547163417e-17
-4.461006506482744263e-17
-4.099592869452476838e-17
-3.767087118035693816e-17
-3.461207688226813803e-17
-3.179850596608283841e-17
-2.921075818979036338e-17
-2.683094697932842195e-17
-2.464258302904443407e-17
-2.263046671788795346e-17
-2.078058868427182347e-17
-1.908003795069256969e-17
-1.751691703388459474e-17
-1.608026351774639130e-17
-1.475997760474960351e-17
-1.354675519722929622e-17
-1.243202609305821493e-17
-1.140789691091805552e-17
-1.046709838884863901e-17
-9.602936726167043842e-18
-8.809248663326291354e-18
-8.080360016983352575e-18
-7.411047408581193855e-18
-6.796502944252222963e-18
-6.232301621921864488e-18
-5.714371258237802468e-18
-5.238964743464185212e-18
-4.802634446858915401e-18
-4.402208608364771044e-18
-4.034769564781244979e-18
-3.697633670004900046e-18
-3.388332779504932538e-18
-3.104597178994174076e-18
-2.844339846323497412e-18
-2.605641944020952721e-18
-2.386739447667194956e-18
-2.186010822488646510e-18
-2.001965667204936118e-18
-1.833234250322925907e-18
-1.678557869767641640e-18
-1.536779972008939519e-18
-1.406837971717905807e-18
-1.287755717494849880e-18
-1.178636553379882004e-18
-1.078656929712308539e-18
-9.870605204691703247e-19
-9.031528075081511308e-19
-8.262960951861059826e-19
-7.559049216392336640e-19
-6.914418356128927062e-19
-6.324135101323417595e-19
-5.783671665275341350e-19
-5.288872843764947093e-19
-4.835925748276446736e-19
-4.421331965118855596e-19
-4.041881948722544970e-19
-3.694631472319584777e-19
-3.376879973001831840e-19
-3.086150640876379447e-19
-2.820172113788380016e-19
-2.576861649924266174e-19
-2.354309660616868017e-19
-2.150765494909142614e-19
-1.964624375955500473e-19
-1.794415397201237424e-19
-1.638790493534074784e-19
-1.496514309290932264e-19
-1.366454891173747952e-19
-1.247575139818197698e-19
-1.138924959005205575e-19
-1.039634046343163044e-19
-9.489052737078801510e-20
-8.660086098380217880e-20
-7.902755412723123874e-20
-7.210939513065229353e-20
-6.579034198654766994e-20
-6.001909101497486200e-20
-5.474868106475070984e-20
-4.993613036179241368e-20
-4.554210334693275565e-20
-4.153060505895081519e-20
-3.786870081503132925e-20
-3.452625912183003577e-20
-3.147571591687381740e-20
-2.869185839337984822e-20
-2.615162680271237969e-20
-2.383393275859814543e-20
-2.171949268675896150e-20
-1.979067517362049911e-20
-1.803136106893850553e-20
-1.642681529029529952e-20
-1.496356936304104917e-20
-1.362931380802069193e-20
-1.241279956184926770e-20
-1.130374768110633197e-20
-1.029276664304836439e-20
-9.371276611739749160e-21
-8.531440090242713594e-21
-7.766098427073624848e-21
-7.068713688842674747e-21
-6.433315451159594774e-21
-5.854452096794328066e-21
-5.327146243987081656e-21
-4.846853958948585336e-21
-4.409427435201474534e-21
-4.011080848683999448e-21
-3.648359121669724550e-21
-3.318109350708302154e-21
-3.017454674134205194e-21
-2.743770373361335263e-21
-2.494662019322684882e-21
-2.267945491143317806e-21
-2.061628708572483762e-21
-1.873894932945890989e-21
-1.703087503604198154e-21
-1.547695887842890663e-21
-1.406342932697000645e-21
-1.277773216244300904e-21
-1.160842404714621114e-21
-1.054507529581286807e-21
-9.578181060448786028e-22
-8.699080209501358993e-22
-7.899881242568838101e-22
-7.173394637575306399e-22
-6.513071078402665887e-22
-5.912945057773575795e-22
-5.367583393055837156e-22
-4.872038231948000846e-22
-4.421804160994243675e-22
-4.012779062844466456e-22
-3.641228398368609185e-22
-3.303752617385486796e-22
-2.997257427085408095e-22
-2.718926670409170042e-22
-2.466197587868198915e-22
-2.236738255718898427e-22
-2.028427011184754326e-22
-1.839333691693893936e-22
-1.667702529991199939e-22
-1.511936560609765911e-22
-1.370583405651608007e-22
-1.242322319232160717e-22
-1.125952380372586527e-22
-1.020381733664724825e-22
-9.246177857562707704e-23
-8.377582736816973427e-23
-7.589831283570264231e-23
-6.875470632244819411e-23
-6.227728241268633716e-23
-5.640450420624971958e-23
-5.108046355617692037e-23
-4.625437140781867100e-23
-4.188009380369253916e-23
-3.791572950670131501e-23
-3.432322554899856139e-23
-3.106802733779544321e-23
-2.811876024525095181e-23
-2.544693987981784307e-23
-2.302670848310296653e-23
-2.083459512157048121e-23
-1.884929754801739823e-23
-1.705148379546111042e-23
-1.542361173737051571e-23
-1.394976500450991296e-23
-1.261550379130642733e-23
-1.140772921481070043e-23
-1.031456000805139416e-23
-9.325220437899756811e-24
-8.429938436342084648e-24
-7.619853024160469615e-24
-2.520637121053512412e-28
-1.029939788199553976e-33
-3.389614319069019184e-40
-5.368362801393655716e-48
-2.200153696555408171e-57
-1.105211415882968519e-68
-2.766350286790971851e-82
-1.166757174592761382e-98
-2.246530434791109731e-118
-4.096023527262241919e-142
-1.063369121389471412e-170
-4.011931092000071908e-205
-1.407853049581992549e-246
-1.676262349145640774e-296
-0.000000000000000000e+00
-0.000000000000000000e+00
-0.000000000000000000e+00
-0.000000000000000000e+00
-0.000000000000000000e+00
-0.000000000000000000e+00
-0.000000000000000000e+00
-0.000000000000000000e+00
-0.000000000000000000e+00
-0.000000000000000000e+00
-0.000000000000000000e+00
-0.000000000000000000e+00
-0.000000000000000000e+00
-0.000000000000000000e+00
-0.000000000000000000e+00
-0.000000000000000000e+00
-0.000000000000000000e+00
-0.000000000000000000e+00
-0.000000000000000000e+00
-0.000000000000000000e+00
-0.000000000000000000e+00
-0.000000000000000000e+00
-0.000000000000000000e+00
-0.000000000000000000e+00
-0.000000000000000000e+00
-0.000000000000000000e+00
-0.000000000000000000e+00
-0.000000000000000000e+00
-0.000000000000000000e+00
-0.000000000000000000e+00
-0.000000000000000000e+00
-0.000000000000000000e+00
-0.000000000000000000e+00
-0.000000000000000000e+00
-0.000000000000000000e+00
-0.000000000000000000e+00
-0.000000000000000000e+00
-0.000000000000000000e+00
-0.000000000000000000e+00
-0.000000000000000000e+00
-0.000000000000000000e+00
-0.000000000000000000e+00
-0.000000000000000000e+00
-0.000000000000000000e+00
-0.000000000000000000e+00
-0.000000000000000000e+00
-0.000000000000000000e+00
-0.000000000000000000e+00
-0.000000000000000000e+00
-0.000000000000000000e+00
-0.000000000000000000e+00
-0.000000000000000000e+00
-0.000000000000000000e+00
-0.000000000000000000e+00
-0.000000000000000000e+00
-0.000000000000000000e+00
-0.000000000000000000e+00
-0.000000000000000000e+00
-0.000000000000000000e+00
-0.000000000000000000e+00
-0.000000000000000000e+00
-0.000000000000000000e+00
-0.000000000000000000e+00
-0.000000000000000000e+00
-0.000000000000000000e+00
-0.000000000000000000e+00
-0.000000000000000000e+00
-0.000000000000000000e+00
-0.000000000000000000e+00
-0.000000000000000000e+00
-0.000000000000000000e+00
-0.000000000000000000e+00
-0.000000000000000000e+00
-0.000000000000000000e+00
-0.000000000000000000e+00
-0.000000000000000000e+00
-0.000000000000000000e+00
-0.000000000000000000e+00
-0.000000000000000000e+00
-0.000000000000000000e+00
-0.000000000000000000e+00
-0.000000000000000000e+00
-0.000000000000000000e+00
-0.000000000000000000e+00
-0.000000000000000000e+00
